timestamp,pattern_label,servo_4_mm,servo_3_mm,servo_9_mm,servo_5_mm,servo_2_mm,servo_8_mm,servo_6_mm,servo_1_mm,servo_7_mm,tip_x,tip_y,tip_z
1778538602.52163,rep1_tendon0_id4_pull,-0.061359,-0.03068,-0.01534,-0.046019,-0.01534,-0.01534,0.0,0.0,-0.107379,-2.085078,8.168024,187.961009
1778538603.166227,rep1_tendon0_id4_pull,-0.690291,-0.674952,-0.598253,-0.613592,-0.659612,-0.582913,-0.567573,-0.567573,-0.674952,-2.239707,9.726105,188.101288
1778538608.924723,rep1_tendon0_id4_pull,0.214757,-6.181943,-6.197283,-6.258642,-6.059225,-6.151264,-6.120584,-6.105244,-6.197283,-12.368466,9.117368,187.740014
1778538609.462704,rep1_tendon0_id4_pull,0.659612,-6.718837,-6.749516,-6.780196,-6.550099,-6.626798,-6.688157,-6.596118,-6.749516,-24.726536,7.483671,186.467858
1778538610.013866,rep1_tendon0_id4_pull,1.165826,-7.225051,-7.209711,-7.317089,-7.071652,-7.163691,-7.24039,-7.102332,-7.317089,-38.376795,6.702733,183.957136
1778538610.597808,rep1_tendon0_id4_pull,1.733399,-7.746604,-7.731264,-7.915342,-7.639225,-7.792623,-7.792623,-7.700585,-7.884662,-53.106735,5.214862,179.926868
1778538611.142495,rep1_tendon0_id4_pull,2.193593,-8.329517,-8.329517,-8.452235,-8.160779,-8.283497,-8.329517,-8.191459,-8.421556,-64.740712,4.083058,175.688837
1778538611.675315,rep1_tendon0_id4_pull,2.684467,-8.820391,-8.774371,-8.958449,-8.636313,-8.85107,-8.820391,-8.713012,-8.943109,-78.241912,2.806158,169.489388
1778538612.217343,rep1_tendon0_id4_pull,3.144661,-9.265245,-9.311265,-9.526022,-9.127187,-9.387964,-9.372624,-9.219226,-9.449323,-90.103457,1.659244,162.799164
1778538612.766816,rep1_tendon0_id4_pull,3.666215,-9.802139,-9.832818,-9.955537,-9.66408,-9.924857,-9.894177,-9.740779,-9.955537,-102.573183,0.631967,154.282698
1778538613.316507,rep1_tendon0_id4_pull,4.172428,-9.955537,-9.986216,-9.986216,-9.986216,-9.986216,-9.986216,-9.986216,-9.970876,-113.268644,-0.178464,145.609858
1778538614.504465,rep1_tendon0_id4_pull,4.172428,-9.955537,-9.986216,-9.986216,-9.986216,-9.986216,-9.986216,-9.986216,-9.986216,-115.877576,-0.513265,143.152897
1778538615.050263,rep1_tendon0_id4_pull,3.727574,-9.955537,-9.986216,-9.986216,-9.986216,-9.986216,-9.986216,-9.986216,-9.986216,-107.611992,0.203326,150.282968
1778538615.588866,rep1_tendon0_id4_pull,3.19068,-9.955537,-9.986216,-9.986216,-9.986216,-9.986216,-9.986216,-9.986216,-9.986216,-93.898871,0.456061,160.38902
1778538616.1246,rep1_tendon0_id4_pull,2.669127,-9.955537,-9.986216,-9.986216,-9.986216,-9.986216,-9.986216,-9.986216,-9.986216,-81.819032,1.356686,167.637458
1778538616.683657,rep1_tendon0_id4_pull,2.147573,-9.955537,-9.986216,-9.986216,-9.986216,-9.986216,-9.986216,-9.986216,-9.986216,-66.478161,3.130315,175.037061
1778538617.20558,rep1_tendon0_id4_pull,1.64136,-9.955537,-9.986216,-9.986216,-9.986216,-9.986216,-9.986216,-9.986216,-9.986216,-52.398343,4.706927,180.227522
1778538617.75876,rep1_tendon0_id4_pull,1.089127,-9.955537,-9.986216,-9.986216,-9.986216,-9.986216,-9.986216,-9.986216,-9.986216,-38.124087,6.29154,184.09858
1778538618.309338,rep1_tendon0_id4_pull,0.567573,-9.955537,-9.986216,-9.986216,-9.986216,-9.986216,-9.986216,-9.986216,-9.970876,-24.422019,7.888958,186.564347
1778538618.858359,rep1_tendon0_id4_pull,0.061359,-9.955537,-9.986216,-9.986216,-9.986216,-9.986216,-9.986216,-9.986216,-9.986216,-16.78017,8.624465,187.432933
1778538622.61427,rep1_tendon0_id4_pull_hold,-3.482137,-9.955537,-9.986216,-9.986216,-9.986216,-9.986216,-9.986216,-9.986216,-9.986216,-13.929632,8.882222,187.675767
1778538634.417865,rep1_tendon1_id3_pull,-9.986216,-0.521554,-9.986216,-9.986216,-9.986216,-9.986216,-9.986216,-9.986216,-9.986216,-9.807587,5.25009,188.066564
1778538634.975916,rep1_tendon1_id3_pull,-9.986216,-0.061359,-9.986216,-9.986216,-9.986216,-9.986216,-9.986216,-9.986216,-9.986216,-2.173338,-2.091817,188.350075
1778538635.520753,rep1_tendon1_id3_pull,-9.986216,0.444854,-9.986216,-9.986216,-9.986216,-9.986216,-9.986216,-9.986216,-9.986216,6.193689,-10.628986,187.867347
1778538636.067404,rep1_tendon1_id3_pull,-10.001556,0.951068,-9.986216,-9.986216,-9.986216,-9.986216,-9.986216,-9.986216,-9.986216,14.13033,-18.74883,186.60402
1778538636.604545,rep1_tendon1_id3_pull,-9.986216,1.472622,-9.986216,-9.986216,-9.986216,-9.986216,-9.986216,-9.986216,-9.986216,22.55869,-27.731949,184.323956
1778538637.150436,rep1_tendon1_id3_pull,-9.986216,1.948156,-9.986216,-9.986216,-9.986216,-9.986216,-9.986216,-9.986216,-9.986216,30.763111,-36.905647,181.078562
1778538637.689278,rep1_tendon1_id3_pull,-10.001556,2.45437,-9.986216,-9.986216,-9.986216,-9.986216,-9.986216,-9.986216,-9.986216,39.134174,-46.686483,176.559521
1778538638.456398,rep1_tendon1_id3_pull,-10.001556,2.39301,-9.986216,-9.986216,-9.986216,-9.986216,-9.986216,-9.986216,-9.986216,40.567476,-48.119809,175.754699
1778538638.992005,rep1_tendon1_id3_pull,-9.986216,1.871457,-9.986216,-9.986216,-9.986216,-9.986216,-9.986216,-9.986216,-9.986216,31.461614,-37.796984,180.754075
1778538639.537505,rep1_tendon1_id3_pull,-9.986216,1.349903,-9.986216,-9.986216,-9.986216,-9.986216,-9.986216,-9.986216,-9.986216,22.354009,-28.684391,184.256118
1778538640.067293,rep1_tendon1_id3_pull,-10.001556,0.84369,-9.986216,-9.986216,-9.986216,-9.986216,-9.986216,-9.986216,-9.986216,12.7214,-18.044683,186.862052
1778538640.604473,rep1_tendon1_id3_pull,-10.001556,0.306796,-9.986216,-9.986216,-9.986216,-9.986216,-9.986216,-9.986216,-9.986216,4.856302,-9.168045,188.028339
1778538641.167773,rep1_tendon1_id3_pull,-9.986216,-0.245437,-9.986216,-9.986216,-9.986216,-9.986216,-9.986216,-9.986216,-9.986216,0.058315,-3.447102,188.356836
1778538646.942449,rep1_tendon2_id9_pull,-10.001556,-5.783108,-9.740779,-9.986216,-9.986216,-9.986216,-9.986216,-9.986216,-9.986216,-1.267653,-0.92201,188.386087
1778538656.63819,rep1_tendon2_id9_pull,-9.986216,-9.955537,-0.429515,-9.986216,-9.986216,-9.986216,-9.986216,-9.986216,-9.986216,1.510641,4.0923,188.344195
1778538657.1752,rep1_tendon2_id9_pull,-9.986216,-9.955537,0.061359,-9.986216,-9.986216,-9.986216,-9.986216,-9.986216,-9.986216,7.598112,14.208187,187.626722
1778538657.730488,rep1_tendon2_id9_pull,-9.986216,-9.955537,0.598253,-9.986216,-9.986216,-9.986216,-9.986216,-9.986216,-9.986216,12.672735,25.365441,186.024631
1778538658.268392,rep1_tendon2_id9_pull,-9.986216,-9.955537,1.119806,-9.986216,-9.986216,-9.986216,-9.986216,-9.986216,-9.970876,17.319042,36.297167,183.585131
1778538658.798357,rep1_tendon2_id9_pull,-10.001556,-9.955537,1.62602,-9.986216,-9.986216,-9.986216,-9.986216,-9.986216,-9.986216,22.325239,47.16882,180.231176
1778538659.350965,rep1_tendon2_id9_pull,-9.986216,-9.955537,2.132234,-9.986216,-9.986216,-9.986216,-9.986216,-9.986216,-9.986216,27.406453,57.684757,175.985537
1778538659.910073,rep1_tendon2_id9_pull,-9.986216,-9.955537,2.669127,-9.986216,-9.986216,-9.986216,-9.986216,-9.986216,-9.986216,32.46533,68.629703,170.495349
1778538660.671003,rep1_tendon2_id9_pull,-9.986216,-9.955537,2.300972,-9.986216,-9.986216,-9.986216,-9.986216,-9.986216,-9.970876,28.428949,63.493625,173.535016
1778538661.217483,rep1_tendon2_id9_pull,-9.986216,-9.955537,1.748738,-9.986216,-9.986216,-9.986216,-9.986216,-9.986216,-9.986216,20.542558,51.639822,179.133655
1778538661.764218,rep1_tendon2_id9_pull,-9.986216,-9.955537,1.211845,-9.986216,-9.986216,-9.986216,-9.986216,-9.986216,-9.986216,12.927453,40.802455,183.042616
1778538662.308811,rep1_tendon2_id9_pull,-9.986216,-9.955537,0.659612,-9.986216,-9.986216,-9.986216,-9.986216,-9.986216,-9.986216,6.071569,30.289659,185.662128
1778538662.840083,rep1_tendon2_id9_pull,-9.986216,-9.955537,0.138058,-9.986216,-9.986216,-9.986216,-9.986216,-9.986216,-9.986216,1.188377,22.035129,187.014338
1778538664.367924,rep1_tendon2_id9_pull,-9.986216,-9.955537,-1.365243,-9.986216,-9.986216,-9.986216,-9.986216,-9.986216,-9.986216,0.064265,19.218837,187.371484
1778538678.423506,rep1_tendon3_id5_pull,-9.986216,-9.955537,-9.986216,-0.460194,-9.986216,-9.986216,-9.986216,-9.986216,-9.986216,-1.954299,16.830653,187.600547
1778538678.968852,rep1_tendon3_id5_pull,-9.986216,-9.955537,-9.986216,-0.01534,-9.986216,-9.986216,-9.986216,-9.986216,-9.986216,-8.756744,10.751268,187.881816
1778538679.518651,rep1_tendon3_id5_pull,-9.986216,-9.955537,-9.986216,0.490874,-9.986216,-9.986216,-9.986216,-9.986216,-9.986216,-17.287846,2.572609,187.443945
1778538680.050736,rep1_tendon3_id5_pull,-9.986216,-9.955537,-9.986216,0.997088,-9.986216,-9.986216,-9.986216,-9.986216,-9.986216,-26.34781,-5.657302,185.993538
1778538680.592833,rep1_tendon3_id5_pull,-9.986216,-9.955537,-9.986216,1.472622,-9.986216,-9.986216,-9.986216,-9.986216,-9.970876,-35.000444,-13.05227,183.696824
1778538681.134936,rep1_tendon3_id5_pull,-9.986216,-9.955537,-9.986216,1.994175,-9.986216,-9.986216,-9.986216,-9.986216,-9.986216,-44.639492,-21.476939,180.016187
1778538681.67247,rep1_tendon3_id5_pull,-10.001556,-9.955537,-9.986216,2.500389,-9.986216,-9.986216,-9.986216,-9.986216,-9.986216,-53.704576,-28.952057,175.505093
1778538682.432166,rep1_tendon3_id5_pull,-9.986216,-9.955537,-9.986216,2.638447,-9.986216,-9.986216,-9.986216,-9.986216,-9.986216,-57.681101,-32.440081,173.106359
1778538682.989013,rep1_tendon3_id5_pull,-9.986216,-9.955537,-9.986216,2.116894,-9.986216,-9.986216,-9.986216,-9.986216,-9.986216,-48.677492,-25.259159,178.107472
1778538683.543472,rep1_tendon3_id5_pull,-10.001556,-9.955537,-9.986216,1.59534,-9.986216,-9.986216,-9.986216,-9.986216,-9.986216,-40.04488,-17.297842,182.06524
1778538684.091823,rep1_tendon3_id5_pull,-10.001556,-9.955537,-9.986216,1.089127,-9.986216,-9.986216,-9.986216,-9.986216,-9.986216,-30.854676,-8.804987,185.063416
1778538684.642655,rep1_tendon3_id5_pull,-9.986216,-9.955537,-9.986216,0.598253,-9.986216,-9.986216,-9.986216,-9.986216,-9.986216,-22.631959,-1.345043,186.815671
1778538685.197923,rep1_tendon3_id5_pull,-9.986216,-9.955537,-9.986216,0.03068,-9.986216,-9.986216,-9.986216,-9.986216,-9.986216,-15.420236,5.0381,187.638094
1778538687.838565,rep1_tendon3_id5_pull,-9.986216,-9.955537,-9.986216,-2.500389,-9.986216,-9.986216,-9.986216,-9.986216,-9.986216,-13.141156,6.718319,187.779523
1778538700.736017,rep1_tendon4_id2_pull,-10.001556,-9.955537,-9.986216,-9.986216,-0.720971,-9.986216,-9.986216,-9.986216,-9.986216,-10.081316,6.084274,188.02933
1778538701.285075,rep1_tendon4_id2_pull,-9.986216,-9.955537,-9.986216,-9.986216,-0.245437,-9.986216,-9.986216,-9.986216,-9.986216,-3.068508,1.349836,188.371281
1778538701.814157,rep1_tendon4_id2_pull,-10.001556,-9.955537,-9.986216,-9.986216,0.260777,-9.986216,-9.986216,-9.986216,-9.986216,6.902281,-4.045786,188.077788
1778538702.36025,rep1_tendon4_id2_pull,-9.986216,-9.955537,-9.986216,-9.986216,0.766991,-9.986216,-9.986216,-9.986216,-9.986216,17.60857,-9.085518,186.881736
1778538702.90525,rep1_tendon4_id2_pull,-10.001556,-9.955537,-9.986216,-9.986216,1.257864,-9.986216,-9.986216,-9.986216,-9.986216,28.189759,-13.778473,184.759023
1778538703.468596,rep1_tendon4_id2_pull,-9.986216,-9.955537,-9.986216,-9.986216,1.794758,-9.986216,-9.986216,-9.986216,-9.986216,39.332872,-18.753698,181.484984
1778538703.998867,rep1_tendon4_id2_pull,-9.986216,-9.955537,-9.986216,-9.986216,2.300972,-9.986216,-9.986216,-9.986216,-9.986216,49.697765,-23.647519,177.410484
1778538704.651647,rep1_tendon4_id2_pull,-10.001556,-9.955537,-9.986216,-9.986216,2.485049,-9.986216,-9.986216,-9.986216,-9.986216,54.912405,-25.904154,175.000159
1778538705.188904,rep1_tendon4_id2_pull,-9.986216,-9.955537,-9.986216,-9.986216,1.978835,-9.986216,-9.986216,-9.986216,-9.986216,45.791911,-20.54005,179.394884
1778538705.759607,rep1_tendon4_id2_pull,-9.986216,-9.955537,-9.986216,-9.986216,1.441942,-9.986216,-9.986216,-9.986216,-9.986216,35.872677,-13.364327,183.228046
1778538706.318621,rep1_tendon4_id2_pull,-9.986216,-9.955537,-9.986216,-9.986216,0.905049,-9.986216,-9.986216,-9.986216,-9.986216,25.851097,-6.35405,185.950361
1778538706.872186,rep1_tendon4_id2_pull,-10.001556,-9.955537,-9.986216,-9.986216,0.383495,-9.986216,-9.986216,-9.986216,-9.986216,16.044356,0.31463,187.512689
1778538707.435541,rep1_tendon4_id2_pull,-9.986216,-9.955537,-9.986216,-9.986216,-0.153398,-9.986216,-9.986216,-9.986216,-9.986216,9.451311,4.531531,188.025208
1778538712.659708,rep1_tendon4_id2_pull_hold,-9.986216,-9.955537,-9.986216,-9.986216,-5.092817,-9.986216,-9.986216,-9.986216,-9.986216,6.856786,5.835696,188.123668
1778538722.83565,rep1_tendon5_id8_pull,-9.986216,-9.955537,-9.986216,-9.986216,-9.986216,-0.429515,-9.986216,-9.986216,-9.986216,5.540015,9.594427,187.996895
1778538723.376665,rep1_tendon5_id8_pull,-9.986216,-9.955537,-9.986216,-9.986216,-9.986216,0.046019,-9.986216,-9.986216,-9.986216,1.35124,17.119529,187.439946
1778538723.922413,rep1_tendon5_id8_pull,-9.986216,-9.955537,-9.986216,-9.986216,-9.986216,0.552233,-9.986216,-9.986216,-9.986216,-2.216568,26.041916,186.189542
1778538724.469251,rep1_tendon5_id8_pull,-9.986216,-9.955537,-9.986216,-9.986216,-9.986216,1.089127,-9.986216,-9.986216,-9.986216,-3.163651,37.962271,183.664785
1778538725.014594,rep1_tendon5_id8_pull,-9.986216,-9.955537,-9.986216,-9.986216,-9.986216,1.59534,-9.986216,-9.986216,-9.986216,-3.661853,49.439374,180.284186
1778538725.552361,rep1_tendon5_id8_pull,-10.001556,-9.955537,-9.986216,-9.986216,-9.986216,2.101554,-9.986216,-9.986216,-9.986216,-4.274755,59.814264,176.345448
1778538726.098886,rep1_tendon5_id8_pull,-9.986216,-9.955537,-9.986216,-9.986216,-9.986216,2.638447,-9.986216,-9.986216,-9.986216,-5.096706,71.204141,170.95664
1778538726.759819,rep1_tendon5_id8_pull,-9.986216,-9.955537,-9.986216,-9.986216,-9.986216,2.515729,-9.986216,-9.986216,-9.986216,-5.253282,70.457411,171.362586
1778538727.310331,rep1_tendon5_id8_pull,-9.986216,-9.955537,-9.986216,-9.986216,-9.986216,1.978835,-9.986216,-9.986216,-9.986216,-4.892856,60.253757,176.332215
1778538727.860444,rep1_tendon5_id8_pull,-9.986216,-9.955537,-9.986216,-9.986216,-9.986216,1.441942,-9.986216,-9.986216,-9.986216,-4.603368,49.443311,180.537586
1778538728.385602,rep1_tendon5_id8_pull,-9.986216,-9.955537,-9.986216,-9.986216,-9.986216,0.920389,-9.986216,-9.986216,-9.986216,-4.157918,38.558834,183.765002
1778538728.931499,rep1_tendon5_id8_pull,-10.001556,-9.955537,-9.986216,-9.986216,-9.986216,0.383495,-9.986216,-9.986216,-9.970876,-3.661339,28.775058,185.901791
1778538729.702816,rep1_tendon5_id8_pull,-10.001556,-9.955537,-9.986216,-9.986216,-9.986216,-0.322136,-9.986216,-9.986216,-9.986216,-3.319054,24.628616,186.585837
1778538742.542932,rep1_tendon6_id6_pull,-10.001556,-9.955537,-9.986216,-9.986216,-9.986216,-9.986216,-2.715146,-9.986216,-9.986216,-3.007131,22.031957,186.969604
1778538744.710609,rep1_tendon6_id6_pull,-9.986216,-9.955537,-9.986216,-9.986216,-9.986216,-9.986216,-0.598253,-9.986216,-9.986216,-5.400643,18.479506,187.339838
1778538745.24852,rep1_tendon6_id6_pull,-10.001556,-9.955537,-9.986216,-9.986216,-9.986216,-9.986216,-0.107379,-9.986216,-9.986216,-10.373991,11.89344,187.692529
1778538745.801761,rep1_tendon6_id6_pull,-9.986216,-9.955537,-9.986216,-9.986216,-9.986216,-9.986216,0.368155,-9.986216,-9.986216,-15.666191,4.31542,187.521958
1778538746.35304,rep1_tendon6_id6_pull,-9.986216,-9.955537,-9.986216,-9.986216,-9.986216,-9.986216,0.905049,-9.986216,-9.986216,-21.171537,-4.755212,186.659284
1778538746.893897,rep1_tendon6_id6_pull,-9.986216,-9.955537,-9.986216,-9.986216,-9.986216,-9.986216,1.426602,-9.986216,-9.986216,-25.878354,-13.820371,185.11868
1778538747.427243,rep1_tendon6_id6_pull,-10.001556,-9.955537,-9.986216,-9.986216,-9.986216,-9.986216,1.917476,-9.986216,-9.986216,-29.97059,-22.341011,183.03214
1778538747.968655,rep1_tendon6_id6_pull,-10.001556,-9.955537,-9.986216,-9.986216,-9.986216,-9.986216,2.42369,-9.986216,-9.986216,-34.254524,-31.423698,180.08104
1778538748.727864,rep1_tendon6_id6_pull,-10.001556,-9.955537,-9.986216,-9.986216,-9.986216,-9.986216,2.653787,-9.986216,-9.986216,-36.155364,-36.621009,178.140793
1778538749.27478,rep1_tendon6_id6_pull,-9.986216,-9.955537,-9.986216,-9.986216,-9.986216,-9.986216,2.116894,-9.986216,-9.986216,-31.765052,-30.05955,181.151077
1778538749.81882,rep1_tendon6_id6_pull,-10.001556,-9.955537,-9.986216,-9.986216,-9.986216,-9.986216,1.59534,-9.986216,-9.986216,-26.609567,-22.820662,183.855522
1778538750.368011,rep1_tendon6_id6_pull,-9.986216,-9.955537,-9.986216,-9.986216,-9.986216,-9.986216,1.058447,-9.986216,-9.986216,-21.177068,-15.288322,185.949176
1778538750.910502,rep1_tendon6_id6_pull,-9.986216,-9.955537,-9.986216,-9.986216,-9.986216,-9.986216,0.536893,-9.986216,-9.986216,-15.793614,-7.729841,187.347049
1778538751.453006,rep1_tendon6_id6_pull,-9.986216,-9.955537,-9.986216,-9.986216,-9.986216,-9.986216,0.0,-9.986216,-9.986216,-11.032215,-1.026734,188.037664
1778538752.319509,rep1_tendon6_id6_pull,-9.986216,-9.955537,-9.986216,-9.986216,-9.986216,-9.986216,-0.874369,-9.986216,-9.986216,-8.971832,1.870614,188.202689
1778538766.436346,rep1_tendon7_id1_pull,-9.986216,-9.955537,-9.986216,-9.986216,-9.986216,-9.986216,-9.986216,-1.119806,-9.986216,-7.101484,3.539098,188.258306
1778538766.994312,rep1_tendon7_id1_pull,-9.986216,-9.955537,-9.986216,-9.986216,-9.986216,-9.986216,-9.986216,-0.598253,-9.986216,-3.116328,4.527652,188.31545
1778538767.536361,rep1_tendon7_id1_pull,-9.986216,-9.955537,-9.986216,-9.986216,-9.986216,-9.986216,-9.986216,-0.092039,-9.986216,4.630688,8.77633,188.016266
1778538768.085073,rep1_tendon7_id1_pull,-10.001556,-9.955537,-9.986216,-9.986216,-9.986216,-9.986216,-9.986216,0.398835,-9.986216,14.412981,11.73955,187.033214
1778538768.627921,rep1_tendon7_id1_pull,-9.986216,-9.955537,-9.986216,-9.986216,-9.986216,-9.986216,-9.986216,0.874369,-9.986216,23.324944,12.23887,185.695359
1778538769.172842,rep1_tendon7_id1_pull,-9.986216,-9.955537,-9.986216,-9.986216,-9.986216,-9.986216,-9.986216,1.411263,-9.986216,33.957233,12.877042,183.327567
1778538769.710561,rep1_tendon7_id1_pull,-10.001556,-9.955537,-9.986216,-9.986216,-9.986216,-9.986216,-9.986216,1.932816,-9.986216,43.500078,13.448071,180.428642
1778538770.248511,rep1_tendon7_id1_pull,-9.986216,-9.955537,-9.986216,-9.986216,-9.986216,-9.986216,-9.986216,2.43903,-9.986216,52.855241,13.93734,176.865261
1778538770.909109,rep1_tendon7_id1_pull,-9.986216,-9.955537,-9.986216,-9.986216,-9.986216,-9.986216,-9.986216,2.546408,-9.986216,56.562449,13.922205,175.342784
1778538771.444356,rep1_tendon7_id1_pull,-9.986216,-9.955537,-9.986216,-9.986216,-9.986216,-9.986216,-9.986216,2.009515,-9.986216,48.786915,13.49603,178.769037
1778538771.986191,rep1_tendon7_id1_pull,-9.986216,-9.955537,-9.986216,-9.986216,-9.986216,-9.986216,-9.986216,1.487962,-9.986216,40.727483,13.014286,181.718588
1778538772.527331,rep1_tendon7_id1_pull,-9.986216,-9.955537,-9.986216,-9.986216,-9.986216,-9.986216,-9.986216,0.966408,-9.986216,32.558308,12.365124,184.108833
1778538773.060889,rep1_tendon7_id1_pull,-9.986216,-9.955537,-9.986216,-9.986216,-9.986216,-9.986216,-9.986216,0.460194,-9.986216,24.152499,11.754404,185.928608
1778538773.602091,rep1_tendon7_id1_pull,-10.001556,-9.955537,-9.986216,-9.986216,-9.986216,-9.986216,-9.986216,0.03068,-9.986216,16.655115,11.226095,187.101441
1778538774.231676,rep1_tendon7_id1_pull,-9.986216,-9.955537,-9.986216,-9.986216,-9.986216,-9.986216,-9.986216,-0.613592,-9.986216,12.067699,10.889328,187.577236
1778538783.332367,rep1_tendon8_id7_pull,-9.986216,-9.955537,-9.986216,-9.986216,-9.986216,-9.986216,-9.986216,-9.295925,-6.059225,9.345995,10.756685,187.785555
1778538788.908668,rep1_tendon8_id7_pull,-9.986216,-9.955537,-9.986216,-9.986216,-9.986216,-9.986216,-9.986216,-9.986216,-0.690291,7.15944,13.738276,187.673466
1778538789.450799,rep1_tendon8_id7_pull,-9.986216,-9.955537,-9.986216,-9.986216,-9.986216,-9.986216,-9.986216,-9.986216,-0.214757,2.462626,19.006504,187.272473
1778538790.003252,rep1_tendon8_id7_pull,-10.001556,-9.955537,-9.986216,-9.986216,-9.986216,-9.986216,-9.986216,-9.986216,0.291456,-3.457811,25.4567,186.296809
1778538790.536233,rep1_tendon8_id7_pull,-10.001556,-9.955537,-9.986216,-9.986216,-9.986216,-9.986216,-9.986216,-9.986216,0.82835,-9.967614,32.620656,184.56532
1778538791.086448,rep1_tendon8_id7_pull,-9.986216,-9.955537,-9.986216,-9.986216,-9.986216,-9.986216,-9.986216,-9.986216,1.349903,-16.394862,39.598203,182.212708
1778538791.627981,rep1_tendon8_id7_pull,-9.986216,-9.955537,-9.986216,-9.986216,-9.986216,-9.986216,-9.986216,-9.986216,1.856117,-22.251734,46.151656,179.363491
1778538792.177934,rep1_tendon8_id7_pull,-10.001556,-9.955537,-9.986216,-9.986216,-9.986216,-9.986216,-9.986216,-9.986216,2.39301,-28.394971,53.170354,175.654178
1778538792.721305,rep1_tendon8_id7_pull,-9.986216,-9.955537,-9.986216,-9.986216,-9.986216,-9.986216,-9.986216,-9.986216,2.791845,-33.325543,58.784277,172.095305
1778538793.37386,rep1_tendon8_id7_pull,-9.986216,-9.955537,-9.986216,-9.986216,-9.986216,-9.986216,-9.986216,-9.986216,2.239612,-29.257968,52.973622,175.721308
1778538793.919298,rep1_tendon8_id7_pull,-9.986216,-9.955537,-9.986216,-9.986216,-9.986216,-9.986216,-9.986216,-9.986216,1.718059,-24.439538,46.845497,179.088721
1778538794.450251,rep1_tendon8_id7_pull,-9.986216,-9.955537,-9.986216,-9.986216,-9.986216,-9.986216,-9.986216,-9.986216,1.196505,-19.202191,40.566007,181.904471
1778538795.003261,rep1_tendon8_id7_pull,-9.986216,-9.955537,-9.986216,-9.986216,-9.986216,-9.986216,-9.986216,-9.986216,0.659612,-13.64208,33.978104,184.274053
1778538795.543545,rep1_tendon8_id7_pull,-9.986216,-9.955537,-9.986216,-9.986216,-9.986216,-9.986216,-9.986216,-9.986216,0.138058,-8.951477,28.336392,185.777278
1778538796.086071,rep1_tendon8_id7_pull,-9.986216,-9.955537,-9.986216,-9.986216,-9.986216,-9.986216,-9.986216,-9.986216,-0.368155,-5.710243,24.511913,186.574246
1778538811.762204,rep1_seg1_dir0,-0.076699,-0.184078,-0.092039,-0.076699,-0.352816,-0.092039,-0.184078,-0.245437,-0.01534,-3.376555,14.229172,187.573774
1778538812.398662,rep1_seg1_dir0,0.306796,-0.214757,-0.230097,0.260777,-0.383495,-0.092039,0.0,-0.460194,0.061359,-10.366272,10.192343,187.602207
1778538812.9365,rep1_seg1_dir0,0.598253,-0.398835,-0.398835,0.521554,-0.674952,-0.092039,0.184078,-0.79767,0.199418,-20.595847,8.488818,186.778069
1778538813.474171,rep1_seg1_dir0,0.951068,-0.552233,-0.552233,0.84369,-0.966408,-0.092039,0.352816,-1.135146,0.383495,-31.497549,7.129552,185.137299
1778538814.027595,rep1_seg1_dir0,1.242525,-0.720971,-0.736311,1.135146,-1.273204,-0.092039,0.552233,-1.487962,0.582913,-42.608028,5.97274,182.696692
1778538814.567721,rep1_seg1_dir0,1.61068,-0.889709,-0.905049,1.411263,-1.564661,-0.092039,0.720971,-1.825437,0.705631,-53.43151,4.689018,179.532856
1778538815.110993,rep1_seg1_dir0,1.932816,-1.058447,-1.073787,1.733399,-1.856117,-0.092039,0.874369,-2.162913,0.920389,-63.846508,3.913928,175.688779
1778538815.636903,rep1_seg1_dir0,2.239612,-1.227185,-1.242525,2.009515,-2.147573,-0.092039,1.043107,-2.469709,1.058447,-73.639213,2.863567,171.310682
1778538816.170571,rep1_seg1_dir0,2.577088,-1.395923,-1.411263,2.300972,-2.43903,-0.092039,1.242525,-2.822525,1.227185,-83.394869,2.004335,166.201249
1778538816.737465,rep1_seg1_dir0,2.899224,-1.564661,-1.59534,2.607768,-2.730486,-0.092039,1.411263,-3.160001,1.426602,-93.244579,1.197304,160.129155
1778538817.287374,rep1_seg1_dir0,3.20602,-1.733399,-1.748738,2.883884,-3.037282,-0.092039,1.59534,-3.512816,1.61068,-101.929297,0.825029,153.90011
1778538817.828602,rep1_seg1_dir0,3.543496,-1.902136,-1.932816,3.20602,-3.328739,-0.092039,1.733399,-3.834952,1.764078,-109.997712,0.025741,147.33129
1778538818.374159,rep1_seg1_dir0,3.804273,-2.070874,-2.086214,3.497477,-3.620195,-0.092039,1.932816,-4.203108,1.932816,-117.905494,-0.813267,139.916685
1778538818.928644,rep1_seg1_dir0,4.172428,-2.254952,-2.270292,3.773593,-3.926991,-0.092039,2.132234,-4.525244,2.116894,-125.620755,-1.34861,131.838787
1778538819.465819,rep1_seg1_dir0,4.494564,-2.42369,-2.43903,4.080389,-4.218448,-0.076699,2.270292,-4.86272,2.285632,-132.158465,-1.732595,123.953812
1778538824.177658,rep1_seg1_dir0,4.601943,-2.316311,-2.346991,4.03437,-4.03437,-0.092039,2.331651,-4.83204,2.331651,-133.617784,-1.864488,122.084444
1778538824.712142,rep1_seg1_dir0,4.310487,-2.162913,-2.178253,3.788933,-3.804273,-0.076699,2.162913,-4.479225,2.162913,-128.296943,-1.635342,128.702762
1778538825.270401,rep1_seg1_dir0,3.957671,-1.978835,-2.009515,3.451457,-3.543496,-0.092039,1.978835,-4.172428,1.994175,-120.816801,-0.788965,136.938434
1778538825.812124,rep1_seg1_dir0,3.620195,-1.810098,-1.825437,3.144661,-3.25204,-0.076699,1.810098,-3.804273,1.825437,-112.950872,-0.096123,144.558226
1778538826.344739,rep1_seg1_dir0,3.298059,-1.656699,-1.687379,2.853205,-2.960583,-0.092039,1.64136,-3.482137,1.64136,-104.638925,0.651459,151.673593
1778538826.8876,rep1_seg1_dir0,2.945244,-1.472622,-1.564661,2.561748,-2.669127,-0.092039,1.472622,-3.19068,1.472622,-95.576099,1.041133,158.350733
1778538827.440408,rep1_seg1_dir0,2.607768,-1.319224,-1.411263,2.285632,-2.377671,-0.092039,1.303884,-2.807185,1.303884,-85.946673,2.0128,164.551277
1778538827.976982,rep1_seg1_dir0,2.270292,-1.150486,-1.227185,1.978835,-2.101554,-0.092039,1.135146,-2.500389,1.135146,-76.377295,2.871098,169.799799
1778538828.523919,rep1_seg1_dir0,1.948156,-0.981748,-1.043107,1.687379,-1.810098,-0.092039,0.966408,-2.116894,0.966408,-65.45876,4.01462,174.8714
1778538829.077797,rep1_seg1_dir0,1.59534,-0.859029,-0.905049,1.380583,-1.487962,-0.092039,0.79767,-1.825437,0.79767,-55.332436,4.940826,178.755981
1778538829.634214,rep1_seg1_dir0,1.273204,-0.690291,-0.766991,1.073787,-1.211845,-0.092039,0.613592,-1.441942,0.628932,-43.959506,6.100429,182.251212
1778538830.178172,rep1_seg1_dir0,0.920389,-0.552233,-0.567573,0.766991,-0.920389,-0.092039,0.444854,-1.104466,0.444854,-33.65594,7.100733,184.676748
1778538830.711901,rep1_seg1_dir0,0.582913,-0.398835,-0.398835,0.490874,-0.659612,-0.092039,0.276117,-0.82835,0.291456,-23.352118,8.151388,186.385014
1778538831.253518,rep1_seg1_dir0,0.245437,-0.199418,-0.245437,0.199418,-0.368155,-0.092039,0.107379,-0.429515,0.107379,-11.531839,8.918612,187.564907
1778538834.07755,rep1_seg1_dir60,0.03068,-0.01534,-0.184078,0.046019,-0.107379,-0.153398,0.01534,-0.184078,-0.092039,-1.963561,8.400062,187.929576
1778538834.617213,rep1_seg1_dir60,0.153398,0.168738,-0.536893,0.306796,-0.107379,-0.444854,0.291456,-0.260777,-0.260777,-4.457025,-0.554184,188.104987
1778538835.171233,rep1_seg1_dir60,0.322136,0.322136,-0.889709,0.613592,-0.107379,-0.736311,0.659612,-0.429515,-0.414175,-9.333069,-10.18584,187.583479
1778538835.728757,rep1_seg1_dir60,0.490874,0.506214,-1.211845,0.920389,-0.107379,-1.058447,1.012427,-0.613592,-0.613592,-14.114671,-20.190575,186.294185
1778538836.279319,rep1_seg1_dir60,0.628932,0.659612,-1.564661,1.211845,-0.107379,-1.349903,1.349903,-0.766991,-0.78233,-18.751033,-29.345912,184.378
1778538836.82815,rep1_seg1_dir60,0.78233,0.81301,-1.917476,1.503301,-0.092039,-1.64136,1.672039,-0.935728,-0.951068,-23.277072,-37.948961,181.924885
1778538837.370308,rep1_seg1_dir60,0.951068,0.966408,-2.239612,1.810098,-0.092039,-1.932816,2.055535,-1.119806,-1.119806,-28.233198,-47.106634,178.551026
1778538837.911596,rep1_seg1_dir60,1.104466,1.135146,-2.577088,2.086214,-0.092039,-2.224272,2.39301,-1.288544,-1.288544,-32.229728,-55.409135,174.911313
1778538838.449979,rep1_seg1_dir60,1.273204,1.288544,-2.929904,2.39301,-0.092039,-2.515729,2.699807,-1.457282,-1.457282,-36.407345,-63.487389,170.639303
1778538838.996762,rep1_seg1_dir60,1.411263,1.472622,-3.282719,2.684467,-0.092039,-2.822525,3.052622,-1.62602,-1.62602,-40.126281,-71.228832,165.917753
1778538839.540536,rep1_seg1_dir60,1.58,1.61068,-3.589516,2.960583,-0.092039,-3.113981,3.390098,-1.794758,-1.794758,-43.930537,-78.537509,160.789078
1778538840.086748,rep1_seg1_dir60,1.764078,1.733399,-3.942331,3.26738,-0.092039,-3.390098,3.773593,-1.978835,-1.963496,-48.052968,-85.82521,154.71506
1778538840.641833,rep1_seg1_dir60,1.917476,1.932816,-4.295147,3.543496,-0.092039,-3.712234,4.080389,-2.132234,-2.132234,-51.220304,-92.551288,148.713312
1778538841.204331,rep1_seg1_dir60,2.055535,2.086214,-4.632623,3.834952,-0.092039,-3.973011,4.448545,-2.300972,-2.316311,-54.339587,-98.948886,142.096796
1778538841.754358,rep1_seg1_dir60,2.178253,2.224272,-4.985438,4.157089,-0.092039,-4.279807,4.801361,-2.485049,-2.485049,-57.370517,-104.963192,134.962338
1778538846.45429,rep1_seg1_dir60,2.239612,2.254952,-4.586603,3.942331,-0.092039,-4.03437,4.555924,-2.42369,-2.377671,-56.472427,-104.249583,136.425723
1778538846.995954,rep1_seg1_dir60,2.116894,2.116894,-4.233788,3.650875,-0.092039,-3.727574,4.218448,-2.239612,-2.270292,-53.593218,-99.937231,141.946177
1778538847.53287,rep1_seg1_dir60,1.917476,1.948156,-3.896312,3.359418,-0.092039,-3.482137,3.880972,-2.070874,-2.101554,-50.071595,-93.856138,148.395394
1778538848.094898,rep1_seg1_dir60,1.764078,1.764078,-3.543496,3.083302,-0.092039,-3.160001,3.528156,-1.902136,-1.917476,-46.849068,-86.969086,154.538328
1778538848.624458,rep1_seg1_dir60,1.59534,1.59534,-3.20602,2.761166,-0.092039,-2.899224,3.19068,-1.779418,-1.718059,-43.526208,-79.310016,160.517737
1778538849.171021,rep1_seg1_dir60,1.426602,1.426602,-2.868544,2.469709,-0.092039,-2.592428,2.853205,-1.58,-1.59534,-39.558803,-71.52921,165.978803
1778538849.700698,rep1_seg1_dir60,1.273204,1.273204,-2.531069,2.178253,-0.092039,-2.300972,2.531069,-1.411263,-1.472622,-35.323725,-63.402653,170.941002
1778538850.245821,rep1_seg1_dir60,1.089127,1.089127,-2.224272,1.886797,-0.092039,-2.009515,2.178253,-1.257864,-1.242525,-31.711844,-54.997369,175.173706
1778538850.787889,rep1_seg1_dir60,0.920389,0.920389,-1.856117,1.59534,-0.092039,-1.718059,1.840777,-1.089127,-1.073787,-27.082832,-45.75061,179.147523
1778538851.329445,rep1_seg1_dir60,0.751651,0.766991,-1.564661,1.303884,-0.092039,-1.441942,1.487962,-0.935728,-0.935728,-22.593149,-37.060121,182.226021
1778538851.854594,rep1_seg1_dir60,0.598253,0.598253,-1.273204,1.027767,-0.092039,-1.165826,1.181165,-0.79767,-0.78233,-18.184671,-28.556828,184.594854
1778538852.395664,rep1_seg1_dir60,0.429515,0.429515,-0.935728,0.720971,-0.092039,-0.859029,0.84369,-0.598253,-0.613592,-12.965718,-18.865014,186.564588
1778538852.937734,rep1_seg1_dir60,0.260777,0.260777,-0.628932,0.429515,-0.092039,-0.567573,0.490874,-0.429515,-0.444854,-8.129293,-9.093474,187.773477
1778538853.470493,rep1_seg1_dir60,0.092039,0.092039,-0.291456,0.153398,-0.092039,-0.276117,0.153398,-0.276117,-0.276117,-3.252947,0.827201,188.216166
1778538856.204494,rep1_seg1_dir120,-0.076699,0.153398,-0.107379,0.0,0.03068,-0.153398,0.0,-0.107379,-0.184078,1.521553,6.342255,188.093147
1778538856.742403,rep1_seg1_dir120,-0.245437,0.429515,-0.276117,0.0,0.306796,-0.444854,0.061359,0.076699,-0.536893,8.149832,0.146707,188.006304
1778538857.287223,rep1_seg1_dir120,-0.429515,0.751651,-0.429515,0.0,0.613592,-0.751651,0.230097,0.276117,-0.874369,15.260315,-8.569621,187.253461
1778538857.825602,rep1_seg1_dir120,-0.598253,1.058447,-0.598253,0.0,0.920389,-1.043107,0.414175,0.429515,-1.196505,21.053712,-17.156129,185.838926
1778538858.36747,rep1_seg1_dir120,-0.751651,1.411263,-0.766991,0.0,1.211845,-1.349903,0.582913,0.598253,-1.549321,27.296081,-25.931138,183.682814
1778538858.92139,rep1_seg1_dir120,-0.874369,1.733399,-0.951068,0.0,1.518641,-1.62602,0.78233,0.766991,-1.886797,32.994041,-34.55702,180.914541
1778538859.4714,rep1_seg1_dir120,-1.104466,2.055535,-1.119806,0.0,1.794758,-1.917476,0.935728,0.951068,-2.239612,38.672109,-42.645367,177.511741
1778538860.012938,rep1_seg1_dir120,-1.273204,2.39301,-1.273204,0.0,2.086214,-2.224272,1.119806,1.119806,-2.577088,44.389657,-50.720266,173.438645
1778538860.558197,rep1_seg1_dir120,-1.457282,2.699807,-1.457282,0.0,2.40835,-2.500389,1.288544,1.288544,-2.914564,50.01793,-58.451166,168.654257
1778538861.110306,rep1_seg1_dir120,-1.61068,3.021943,-1.64136,0.0,2.669127,-2.807185,1.472622,1.457282,-3.25204,54.819512,-65.688155,163.701285
1778538861.666397,rep1_seg1_dir120,-1.794758,3.359418,-1.810098,0.0,2.975923,-3.113981,1.64136,1.64136,-3.604855,60.286628,-73.095005,157.502476
1778538862.229184,rep1_seg1_dir120,-1.978835,3.712234,-1.978835,0.0,3.282719,-3.436117,1.810098,1.825437,-3.957671,65.45982,-80.19842,150.738467
1778538862.750056,rep1_seg1_dir120,-2.132234,3.988351,-2.132234,0.0,3.558836,-3.696894,1.978835,2.009515,-4.279807,69.979789,-85.768752,144.436065
1778538863.287602,rep1_seg1_dir120,-2.300972,4.325826,-2.316311,0.0,3.880972,-3.973011,2.162913,2.162913,-4.617283,74.278231,-91.622892,137.221703
1778538863.836282,rep1_seg1_dir120,-2.43903,4.601943,-2.485049,0.0,4.172428,-4.264467,2.331651,2.331651,-4.970098,77.931831,-96.900533,129.870361
1778538868.716746,rep1_seg1_dir120,-2.224272,4.463885,-2.239612,0.0,3.896312,-3.942331,2.224272,2.224272,-4.647962,75.861754,-95.440606,132.722342
1778538869.295443,rep1_seg1_dir120,-2.055535,4.111069,-2.070874,0.0,3.574176,-3.650875,2.055535,2.055535,-4.249127,71.253822,-90.007612,140.366819
1778538869.834819,rep1_seg1_dir120,-1.886797,3.773593,-1.886797,0.0,3.26738,-3.390098,1.871457,1.871457,-3.942331,66.449593,-84.365736,147.315912
1778538870.379537,rep1_seg1_dir120,-1.733399,3.436117,-1.733399,0.0,2.975923,-3.083302,1.702719,1.702719,-3.620195,61.634949,-77.952829,153.965646
1778538870.928427,rep1_seg1_dir120,-1.533981,3.083302,-1.564661,0.0,2.669127,-2.791845,1.533981,1.533981,-3.25204,56.154273,-70.822732,160.496509
1778538871.488387,rep1_seg1_dir120,-1.365243,2.730486,-1.380583,0.0,2.362331,-2.485049,1.365243,1.365243,-2.929904,50.342923,-63.138902,166.483876
1778538872.046735,rep1_seg1_dir120,-1.196505,2.39301,-1.196505,0.0,2.086214,-2.193593,1.181165,1.196505,-2.546408,44.789569,-55.303416,171.595336
1778538872.592877,rep1_seg1_dir120,-1.073787,2.055535,-1.043107,0.0,1.764078,-1.902136,1.012427,1.012427,-2.254952,39.198164,-47.344516,175.936303
1778538873.137168,rep1_seg1_dir120,-0.951068,1.718059,-0.874369,0.0,1.472622,-1.59534,0.84369,0.84369,-1.886797,33.385961,-38.695029,179.792973
1778538873.674398,rep1_seg1_dir120,-0.674952,1.380583,-0.766991,0.0,1.181165,-1.334563,0.674952,0.690291,-1.58,27.45835,-30.896891,182.707696
1778538874.221553,rep1_seg1_dir120,-0.506214,1.027767,-0.613592,0.0,0.905049,-1.027767,0.506214,0.506214,-1.257864,21.017129,-22.322406,185.150378
1778538874.767108,rep1_seg1_dir120,-0.352816,0.705631,-0.444854,0.0,0.598253,-0.736311,0.337476,0.337476,-0.889709,14.794193,-13.537024,186.892042
1778538875.304676,rep1_seg1_dir120,-0.276117,0.368155,-0.276117,0.0,0.322136,-0.444854,0.168738,0.184078,-0.582913,9.104301,-4.563963,187.877769
1778538875.842805,rep1_seg1_dir120,-0.107379,0.01534,-0.122718,0.0,0.0,-0.138058,0.0,0.0,-0.230097,2.69129,4.715618,188.138817
1778538878.495863,rep1_seg1_dir180,-0.322136,0.138058,0.01534,-0.291456,0.168738,-0.138058,-0.153398,0.122718,-0.184078,7.57827,8.47833,187.819559
1778538879.03828,rep1_seg1_dir180,-0.659612,0.276117,0.184078,-0.567573,0.475534,-0.122718,-0.322136,0.460194,-0.322136,18.071568,10.950714,186.865915
1778538879.578987,rep1_seg1_dir180,-0.920389,0.398835,0.368155,-0.859029,0.751651,-0.122718,-0.490874,0.766991,-0.490874,27.909657,11.775067,185.377042
1778538880.129106,rep1_seg1_dir180,-1.334563,0.552233,0.521554,-1.165826,1.058447,-0.122718,-0.659612,1.119806,-0.659612,38.273639,12.756697,183.088726
1778538880.675068,rep1_seg1_dir180,-1.672039,0.690291,0.690291,-1.457282,1.334563,-0.122718,-0.84369,1.472622,-0.82835,47.637357,13.61542,180.423284
1778538881.221559,rep1_seg1_dir180,-2.024855,0.859029,0.859029,-1.733399,1.64136,-0.122718,-1.012427,1.825437,-0.997088,57.334564,14.352163,176.959626
1778538881.766584,rep1_seg1_dir180,-2.346991,1.027767,0.981748,-2.040195,1.917476,-0.092039,-1.181165,2.147573,-1.165826,66.260325,14.830757,173.14271
1778538882.337884,rep1_seg1_dir180,-2.638447,1.196505,1.181165,-2.362331,2.239612,-0.092039,-1.349903,2.515729,-1.349903,76.004315,15.327624,168.256378
1778538882.876155,rep1_seg1_dir180,-3.037282,1.380583,1.349903,-2.653787,2.515729,-0.092039,-1.533981,2.868544,-1.533981,85.06682,15.463693,163.015337
1778538883.404609,rep1_seg1_dir180,-3.298059,1.518641,1.487962,-2.945244,2.791845,-0.092039,-1.687379,3.20602,-1.687379,92.798934,15.593192,157.760925
1778538883.942919,rep1_seg1_dir180,-3.727574,1.687379,1.656699,-3.22136,3.098642,-0.092039,-1.856117,3.543496,-1.840777,100.69864,15.430925,151.701311
1778538884.479382,rep1_seg1_dir180,-4.01903,1.810098,1.825437,-3.512816,3.359418,-0.092039,-2.024855,3.880972,-2.040195,107.709438,15.495885,145.52532
1778538885.005194,rep1_seg1_dir180,-4.341166,1.963496,1.948156,-3.804273,3.650875,-0.092039,-2.193593,4.203108,-2.178253,114.538385,15.159482,138.810987
1778538885.646252,rep1_seg1_dir180,-4.709322,2.193593,2.147573,-4.126409,4.00369,-0.092039,-2.39301,4.601943,-2.377671,122.252454,14.790609,130.192806
1778538890.355036,rep1_seg1_dir180,-4.801361,2.285632,2.285632,-4.126409,4.111069,-0.092039,-2.45437,4.755341,-2.45437,126.083458,14.556913,125.328857
1778538890.901328,rep1_seg1_dir180,-4.417865,2.193593,2.193593,-3.834952,3.850292,-0.092039,-2.331651,4.402525,-2.331651,121.867502,14.774196,131.126628
1778538891.562925,rep1_seg1_dir180,-4.080389,1.994175,1.978835,-3.497477,3.466797,-0.092039,-2.132234,3.988351,-2.132234,113.953183,15.016608,139.845473
1778538892.104341,rep1_seg1_dir180,-3.666215,1.840777,1.810098,-3.2367,3.175341,-0.092039,-1.978835,3.635535,-1.963496,106.892763,15.049988,146.756405
1778538892.654838,rep1_seg1_dir180,-3.405438,1.656699,1.656699,-2.945244,2.883884,-0.092039,-1.810098,3.313399,-1.764078,99.062826,15.006708,153.35466
1778538893.196567,rep1_seg1_dir180,-2.991263,1.487962,1.487962,-2.684467,2.577088,-0.092039,-1.64136,2.975923,-1.62602,90.820819,14.978602,159.42125
1778538893.750438,rep1_seg1_dir180,-2.684467,1.319224,1.288544,-2.377671,2.285632,-0.092039,-1.472622,2.607768,-1.487962,81.598102,14.544298,165.367083
1778538894.296185,rep1_seg1_dir180,-2.300972,1.150486,1.135146,-2.101554,1.994175,-0.092039,-1.303884,2.285632,-1.288544,72.75338,14.349748,170.217607
1778538894.83364,rep1_seg1_dir180,-1.963496,0.981748,0.966408,-1.840777,1.687379,-0.092039,-1.150486,1.932816,-1.135146,63.257211,13.917734,174.697963
1778538895.379705,rep1_seg1_dir180,-1.64136,0.81301,0.79767,-1.533981,1.395923,-0.092039,-0.981748,1.61068,-0.997088,53.876177,13.211124,178.421369
1778538895.926396,rep1_seg1_dir180,-1.273204,0.644272,0.628932,-1.227185,1.104466,-0.092039,-0.84369,1.273204,-0.81301,44.006389,12.72341,181.608701
1778538896.462824,rep1_seg1_dir180,-1.027767,0.460194,0.460194,-0.966408,0.81301,-0.092039,-0.659612,0.935728,-0.644272,34.231007,12.108782,184.119673
1778538897.020911,rep1_seg1_dir180,-0.690291,0.306796,0.276117,-0.659612,0.506214,-0.092039,-0.460194,0.582913,-0.490874,23.241683,10.896075,186.178713
1778538897.554051,rep1_seg1_dir180,-0.383495,0.138058,0.107379,-0.368155,0.230097,-0.092039,-0.306796,0.245437,-0.306796,12.23343,10.282957,187.435084
1778538900.30211,rep1_seg1_dir240,-0.107379,-0.046019,0.076699,-0.122718,0.0,-0.01534,-0.184078,0.0,-0.107379,2.342827,10.585458,187.876485
1778538900.85892,rep1_seg1_dir240,-0.230097,-0.230097,0.352816,-0.414175,0.0,0.260777,-0.475534,0.061359,0.061359,4.628842,18.227089,187.183759
1778538901.396816,rep1_seg1_dir240,-0.398835,-0.383495,0.690291,-0.705631,0.0,0.567573,-0.82835,0.260777,0.199418,9.397587,28.003117,185.598643
1778538901.934523,rep1_seg1_dir240,-0.567573,-0.567573,0.997088,-0.997088,-0.01534,0.859029,-1.165826,0.383495,0.383495,13.77441,37.881187,183.302291
1778538902.488336,rep1_seg1_dir240,-0.720971,-0.736311,1.349903,-1.303884,0.0,1.165826,-1.518641,0.582913,0.582913,18.610915,47.768054,180.191473
1778538903.072238,rep1_seg1_dir240,-0.905049,-0.905049,1.687379,-1.61068,0.0,1.457282,-1.871457,0.751651,0.766991,23.064577,56.975544,176.518674
1778538903.655693,rep1_seg1_dir240,-1.104466,-1.089127,2.040195,-1.932816,0.0,1.810098,-2.224272,0.935728,0.935728,27.865316,66.312185,171.910786
1778538904.255734,rep1_seg1_dir240,-1.288544,-1.288544,2.39301,-2.254952,0.0,2.116894,-2.592428,1.104466,1.135146,32.323883,75.236065,166.658148
1778538904.817385,rep1_seg1_dir240,-1.457282,-1.457282,2.745826,-2.561748,0.0,2.43903,-2.960583,1.303884,1.334563,36.338704,83.69897,160.858809
1778538905.396843,rep1_seg1_dir240,-1.62602,-1.64136,3.083302,-2.868544,0.0,2.745826,-3.313399,1.487962,1.518641,40.106369,91.448946,154.729636
1778538905.967845,rep1_seg1_dir240,-1.825437,-1.810098,3.405438,-3.160001,0.0,3.067962,-3.681554,1.656699,1.687379,43.610266,98.93555,147.870105
1778538906.555582,rep1_seg1_dir240,-2.009515,-2.009515,3.758253,-3.497477,0.0,3.374758,-4.04971,1.856117,1.871457,47.073287,105.9477,140.519717
1778538907.153886,rep1_seg1_dir240,-2.193593,-2.208933,4.080389,-3.819613,0.0,3.681554,-4.433205,2.055535,2.070874,50.09033,112.127728,132.9883
1778538907.7093,rep1_seg1_dir240,-2.362331,-2.362331,4.479225,-4.111069,0.0,4.00369,-4.770681,2.208933,2.254952,52.607086,118.171925,124.9912
1778538912.975247,rep1_seg1_dir240,-2.208933,-2.208933,4.417865,-3.865632,0.0,3.850292,-4.586603,2.208933,2.224272,52.428188,118.466992,124.433454
1778538913.554545,rep1_seg1_dir240,-2.040195,-2.024855,4.04971,-3.558836,0.0,3.528156,-4.233788,2.009515,2.024855,49.250999,112.495688,132.713178
1778538914.119918,rep1_seg1_dir240,-1.856117,-1.856117,3.712234,-3.298059,0.0,3.22136,-3.911652,1.856117,1.871457,46.4485,106.306318,140.04622
1778538914.722144,rep1_seg1_dir240,-1.672039,-1.656699,3.328739,-2.960583,0.0,2.883884,-3.512816,1.672039,1.672039,42.5749,98.638952,148.100215
1778538915.305614,rep1_seg1_dir240,-1.487962,-1.487962,2.975923,-2.684467,0.0,2.577088,-3.160001,1.487962,1.487962,38.888352,90.979807,155.038118
1778538915.860576,rep1_seg1_dir240,-1.319224,-1.319224,2.623108,-2.39301,0.0,2.285632,-2.791845,1.303884,1.303884,35.01156,83.075767,161.249376
1778538916.455489,rep1_seg1_dir240,-1.135146,-1.135146,2.254952,-2.055535,0.0,1.948156,-2.43903,1.119806,1.119806,30.658621,73.704794,167.499856
1778538917.051363,rep1_seg1_dir240,-1.027767,-0.935728,1.871457,-1.748738,0.0,1.64136,-2.086214,0.935728,0.935728,26.646187,64.337385,172.716793
1778538917.646147,rep1_seg1_dir240,-0.79767,-0.766991,1.487962,-1.457282,0.0,1.319224,-1.702719,0.766991,0.751651,22.262629,55.091776,177.053221
1778538918.205058,rep1_seg1_dir240,-0.582913,-0.659612,1.165826,-1.150486,0.0,1.012427,-1.395923,0.582913,0.582913,17.21801,46.062139,180.633771
1778538918.805403,rep1_seg1_dir240,-0.429515,-0.475534,0.78233,-0.81301,0.0,0.705631,-0.997088,0.383495,0.383495,12.134942,35.575886,183.807325
1778538919.370444,rep1_seg1_dir240,-0.322136,-0.306796,0.429515,-0.521554,-0.01534,0.383495,-0.644272,0.214757,0.214757,7.593505,25.447648,185.981701
1778538919.942305,rep1_seg1_dir240,-0.153398,-0.122718,0.061359,-0.230097,-0.01534,0.076699,-0.291456,0.046019,0.046019,2.832551,14.934564,187.426947
1778538922.613408,rep1_seg1_dir300,0.01534,-0.276117,0.092039,-0.122718,-0.230097,0.138058,-0.199418,-0.138058,0.107379,-2.503461,13.541694,187.609011
1778538923.211773,rep1_seg1_dir300,0.214757,-0.659612,0.199418,-0.107379,-0.582913,0.444854,-0.352816,-0.337476,0.444854,-10.427305,21.578065,186.523603
1778538923.812734,rep1_seg1_dir300,0.383495,-1.027767,0.429515,-0.107379,-0.905049,0.78233,-0.521554,-0.521554,0.874369,-17.222229,31.070614,184.453311
1778538924.388579,rep1_seg1_dir300,0.536893,-1.395923,0.567573,-0.107379,-1.196505,1.089127,-0.705631,-0.690291,1.196505,-23.234795,39.66367,181.865508
1778538925.000888,rep1_seg1_dir300,0.705631,-1.764078,0.766991,-0.107379,-1.533981,1.411263,-0.874369,-0.874369,1.59534,-29.789177,48.608067,178.272732
1778538925.605227,rep1_seg1_dir300,0.905049,-2.147573,0.905049,-0.107379,-1.856117,1.702719,-1.073787,-1.073787,1.963496,-35.835613,56.843816,174.169821
1778538926.168796,rep1_seg1_dir300,1.058447,-2.500389,1.104466,-0.107379,-2.178253,2.055535,-1.257864,-1.242525,2.362331,-41.374864,65.218393,169.249337
1778538926.788304,rep1_seg1_dir300,1.227185,-2.883884,1.288544,-0.107379,-2.500389,2.39301,-1.441942,-1.426602,2.715146,-46.675502,72.979118,163.846943
1778538927.381522,rep1_seg1_dir300,1.380583,-3.25204,1.441942,-0.092039,-2.822525,2.715146,-1.64136,-1.62602,3.098642,-51.412717,80.102939,158.062471
1778538927.969221,rep1_seg1_dir300,1.59534,-3.620195,1.61068,-0.092039,-3.144661,3.037282,-1.825437,-1.810098,3.466797,-56.309577,87.307213,151.387252
1778538928.546307,rep1_seg1_dir300,1.764078,-3.988351,1.794758,-0.092039,-3.451457,3.344079,-1.994175,-1.994175,3.834952,-60.774122,93.662674,144.467599
1778538929.14241,rep1_seg1_dir300,1.917476,-4.356506,1.917476,-0.092039,-3.773593,3.650875,-2.178253,-2.178253,4.203108,-64.591021,99.311467,137.487586
1778538929.722112,rep1_seg1_dir300,2.070874,-4.709322,2.116894,-0.092039,-4.080389,3.957671,-2.377671,-2.362331,4.586603,-67.784952,104.779822,130.039559
1778538934.646271,rep1_seg1_dir300,2.224272,-4.663302,2.285632,-0.092039,-4.04971,4.06505,-2.40835,-2.45437,4.678642,-69.936635,108.260685,124.928237
1778538935.242472,rep1_seg1_dir300,2.132234,-4.295147,2.132234,-0.092039,-3.742914,3.742914,-2.270292,-2.270292,4.295147,-67.303967,104.517755,131.111476
1778538935.822459,rep1_seg1_dir300,1.963496,-3.942331,1.963496,-0.092039,-3.466797,3.420778,-2.086214,-2.101554,3.942331,-63.921552,99.394466,138.179818
1778538936.403859,rep1_seg1_dir300,1.779418,-3.574176,1.779418,-0.092039,-3.113981,3.113981,-1.917476,-1.902136,3.558836,-59.485163,93.449478,145.550554
1778538937.012964,rep1_seg1_dir300,1.59534,-3.19068,1.59534,-0.092039,-2.807185,2.776506,-1.718059,-1.779418,3.19068,-55.095393,86.586197,152.610461
1778538937.571685,rep1_seg1_dir300,1.411263,-2.837865,1.411263,-0.092039,-2.531069,2.469709,-1.58,-1.58,2.868544,-50.060513,79.97353,158.844849
1778538938.175321,rep1_seg1_dir300,1.227185,-2.469709,1.211845,-0.092039,-2.224272,2.132234,-1.395923,-1.365243,2.469709,-44.560181,71.960836,165.110548
1778538938.780367,rep1_seg1_dir300,1.043107,-2.086214,1.012427,-0.107379,-1.917476,1.825437,-1.196505,-1.196505,2.086214,-38.823704,63.664001,170.624135
1778538939.335902,rep1_seg1_dir300,0.874369,-1.733399,0.859029,-0.107379,-1.61068,1.503301,-1.027767,-1.043107,1.748738,-32.968711,55.388041,175.293837
1778538939.922284,rep1_seg1_dir300,0.674952,-1.380583,0.674952,-0.107379,-1.334563,1.211845,-0.859029,-0.84369,1.365243,-26.579626,46.908338,179.291543
1778538940.519676,rep1_seg1_dir300,0.506214,-1.073787,0.490874,-0.107379,-0.981748,0.859029,-0.659612,-0.659612,0.981748,-19.861784,37.663263,182.732122
1778538941.102503,rep1_seg1_dir300,0.322136,-0.736311,0.322136,-0.107379,-0.674952,0.567573,-0.490874,-0.475534,0.644272,-13.694852,29.137022,185.084408
1778538941.722371,rep1_seg1_dir300,0.122718,-0.352816,0.107379,-0.107379,-0.368155,0.230097,-0.306796,-0.291456,0.245437,-7.126237,19.30234,186.917781
1778538944.301556,rep1_seg1_circle,0.046019,-0.122718,-0.138058,-0.01534,-0.122718,-0.092039,-0.092039,-0.168738,0.03068,-2.277915,9.618839,187.863982
1778538944.838015,rep1_seg1_circle,0.521554,-0.659612,-0.613592,0.521554,-0.674952,-0.598253,0.398835,-0.674952,0.429515,-19.718916,4.025362,186.938871
1778538945.3681,rep1_seg1_circle,0.997088,-0.82835,-1.181165,1.058447,-1.150486,-1.073787,0.889709,-1.181165,0.766991,-37.512403,0.303102,183.83745
1778538945.910771,rep1_seg1_circle,1.472622,-0.352816,-1.733399,1.564661,-1.702719,-1.64136,1.472622,-1.733399,0.306796,-50.484044,-13.223912,179.755773
1778538946.454202,rep1_seg1_circle,1.978835,0.076699,-2.270292,2.086214,-1.748738,-2.193593,2.055535,-2.239612,-0.214757,-60.994394,-30.914872,173.489936
1778538946.985978,rep1_seg1_circle,2.40835,0.536893,-2.776506,2.592428,-1.288544,-2.669127,2.592428,-2.761166,-0.736311,-68.954693,-48.192444,165.428762
1778538947.528133,rep1_seg1_circle,2.577088,1.043107,-3.298059,3.083302,-0.82835,-3.19068,3.129321,-2.684467,-1.242525,-68.406157,-66.455852,158.15642
1778538948.07861,rep1_seg1_circle,2.070874,1.59534,-3.834952,3.543496,-0.306796,-3.727574,3.635535,-2.193593,-1.748738,-57.40934,-83.444861,152.847082
1778538948.625956,rep1_seg1_circle,1.549321,2.132234,-4.371846,3.313399,0.245437,-4.218448,4.111069,-1.733399,-2.300972,-42.461772,-94.842398,150.010645
1778538949.167925,rep1_seg1_circle,0.997088,2.607768,-4.325826,2.776506,0.766991,-4.709322,4.310487,-1.181165,-2.791845,-24.928792,-101.35062,149.295805
1778538949.705496,rep1_seg1_circle,0.490874,3.129321,-3.896312,2.300972,1.288544,-4.924079,3.850292,-0.613592,-3.328739,-6.161579,-105.199702,148.765353
1778538950.234582,rep1_seg1_circle,0.01534,3.620195,-3.344079,1.779418,1.810098,-4.801361,3.344079,-0.076699,-3.819613,13.0439,-106.24151,147.925701
1778538950.767654,rep1_seg1_circle,-0.506214,4.095729,-2.883884,1.334563,2.331651,-4.387186,2.822525,0.444854,-4.279807,31.195345,-106.232256,145.042405
1778538951.292242,rep1_seg1_circle,-0.981748,4.555924,-2.45437,0.79767,2.791845,-4.04971,2.316311,0.905049,-4.786021,48.213587,-102.727166,142.841251
1778538951.82779,rep1_seg1_circle,-1.533981,4.571263,-1.917476,0.260777,3.282719,-3.558836,1.825437,1.457282,-4.770681,64.143642,-93.557938,142.856162
1778538952.359756,rep1_seg1_circle,-2.055535,4.417865,-1.411263,-0.245437,3.742914,-3.052622,1.303884,1.978835,-4.540584,77.796636,-82.914279,142.392339
1778538952.902887,rep1_seg1_circle,-2.500389,3.988351,-0.859029,-0.751651,4.233788,-2.546408,0.766991,2.500389,-4.111069,88.579648,-68.905821,143.100511
1778538953.4444,rep1_seg1_circle,-3.052622,3.497477,-0.322136,-1.288544,4.586603,-2.009515,0.230097,2.991263,-3.650875,97.547178,-53.29551,143.523436
1778538953.997161,rep1_seg1_circle,-3.558836,2.945244,0.199418,-1.840777,4.448545,-1.487962,-0.322136,3.497477,-3.144661,103.170021,-36.058019,144.734342
1778538954.543955,rep1_seg1_circle,-4.04971,2.40835,0.751651,-2.362331,4.01903,-0.905049,-0.874369,3.957671,-2.623108,105.514396,-16.788095,146.619058
1778538955.095312,rep1_seg1_circle,-4.617283,1.871457,1.273204,-2.883884,3.497477,-0.322136,-1.395923,4.479225,-2.162913,107.151462,2.034068,145.816601
1778538955.653599,rep1_seg1_circle,-4.463885,1.334563,1.810098,-3.420778,3.021943,0.214757,-1.963496,4.448545,-1.61068,105.321934,20.370293,145.741944
1778538956.209912,rep1_seg1_circle,-4.126409,0.78233,2.331651,-3.973011,2.42369,0.751651,-2.500389,3.988351,-1.043107,97.506014,37.642611,148.724511
1778538956.744335,rep1_seg1_circle,-3.604855,0.260777,2.837865,-4.448545,1.902136,1.257864,-2.991263,3.482137,-0.506214,89.887463,54.616458,149.117445
1778538957.285159,rep1_seg1_circle,-3.098642,-0.260777,3.328739,-4.509904,1.380583,1.810098,-3.512816,2.975923,0.076699,80.816282,71.730864,147.317544
1778538957.842927,rep1_seg1_circle,-2.577088,-0.79767,3.850292,-4.111069,0.82835,2.362331,-4.080389,2.43903,0.659612,70.845709,87.620145,143.820881
1778538958.385448,rep1_seg1_circle,-2.040195,-1.303884,4.341166,-3.589516,0.322136,2.883884,-4.586603,1.902136,1.196505,59.374674,101.766403,139.311623
1778538958.938175,rep1_seg1_circle,-1.533981,-1.840777,4.433205,-3.098642,-0.199418,3.390098,-4.540584,1.380583,1.733399,43.027971,111.595597,137.666379
1778538959.476564,rep1_seg1_circle,-1.058447,-2.346991,4.04971,-2.623108,-0.751651,3.850292,-4.126409,0.84369,2.239612,25.199377,116.177646,138.176712
1778538960.027697,rep1_seg1_circle,-0.490874,-2.883884,3.543496,-2.086214,-1.288544,4.325826,-3.681554,0.337476,2.730486,7.327281,117.429737,138.83408
1778538960.560377,rep1_seg1_circle,0.01534,-3.420778,3.006603,-1.59534,-1.779418,4.494564,-3.19068,-0.168738,3.22136,-9.738428,115.321266,140.080864
1778538961.102806,rep1_seg1_circle,0.506214,-3.926991,2.45437,-1.027767,-2.285632,4.111069,-2.715146,-0.705631,3.666215,-26.509135,108.637007,143.128481
1778538961.644142,rep1_seg1_circle,0.997088,-4.463885,1.902136,-0.490874,-2.776506,3.604855,-2.224272,-1.242525,4.157089,-42.335729,100.290814,145.297293
1778538962.188221,rep1_seg1_circle,1.503301,-4.540584,1.365243,0.046019,-3.328739,3.083302,-1.702719,-1.794758,4.417865,-57.191096,91.141931,146.017818
1778538962.729767,rep1_seg1_circle,2.024855,-4.141749,0.82835,0.567573,-3.850292,2.561748,-1.165826,-2.300972,4.141749,-70.038611,79.467291,147.631934
1778538963.288078,rep1_seg1_circle,2.485049,-3.650875,0.276117,1.119806,-4.356506,2.024855,-0.567573,-2.853205,3.620195,-82.541429,64.161577,149.780814
1778538964.75818,rep1_seg2_dir0,3.037282,-2.285632,-0.168738,1.549321,-3.834952,0.598253,0.153398,-3.2367,2.285632,-93.706093,36.74092,154.921549
1778538965.301012,rep1_seg2_dir0,2.500389,-1.840777,-0.138058,0.997088,-3.328739,0.061359,0.214757,-2.715146,1.764078,-79.8447,31.16909,165.015371
1778538965.835717,rep1_seg2_dir0,1.994175,-1.334563,-0.138058,0.859029,-2.791845,0.0,0.322136,-2.208933,1.242525,-64.702556,23.885986,173.614023
1778538966.377437,rep1_seg2_dir0,1.472622,-0.84369,-0.138058,1.119806,-2.285632,0.0,0.506214,-1.733399,0.705631,-51.816854,14.61444,179.42791
1778538966.928372,rep1_seg2_dir0,0.951068,-0.322136,-0.138058,1.319224,-1.779418,0.0,0.674952,-1.718059,0.720971,-46.839219,9.339871,181.013574
1778538967.459015,rep1_seg2_dir0,0.444854,-0.122718,-0.138058,1.58,-1.748738,-0.01534,0.82835,-2.024855,0.874369,-48.511534,6.172194,180.155486
1778538968.034405,rep1_seg2_dir0,0.0,-0.122718,-0.122718,1.871457,-2.070874,-0.01534,1.012427,-2.39301,1.043107,-55.932269,5.254198,177.15698
1778538968.577036,rep1_seg2_dir0,0.0,-0.122718,-0.122718,2.178253,-2.362331,0.0,1.211845,-2.730486,1.165826,-62.138361,4.398999,174.203272
1778538969.136177,rep1_seg2_dir0,0.0,-0.122718,-0.122718,2.500389,-2.653787,-0.01534,1.365243,-3.067962,1.365243,-68.723884,3.676196,170.619588
1778538969.677874,rep1_seg2_dir0,0.0,-0.122718,-0.138058,2.745826,-2.945244,0.0,1.549321,-3.420778,1.564661,-74.461573,3.208447,166.98831
1778538970.232025,rep1_seg2_dir0,0.0,-0.122718,-0.122718,3.021943,-3.25204,-0.01534,1.702719,-3.727574,1.718059,-79.711335,2.70228,163.31389
1778538970.75243,rep1_seg2_dir0,0.0,-0.122718,-0.138058,3.328739,-3.528156,-0.01534,1.886797,-4.06505,1.886797,-85.600235,1.958057,158.720152
1778538971.318526,rep1_seg2_dir0,0.0,-0.122718,-0.122718,3.574176,-3.850292,-0.01534,2.086214,-4.433205,2.070874,-90.73155,1.307242,154.224457
1778538971.844526,rep1_seg2_dir0,0.0,-0.138058,-0.138058,3.834952,-4.126409,-0.01534,2.224272,-4.663302,2.224272,-94.624721,0.947628,150.57592
1778538972.502104,rep1_seg2_dir0,0.0,-0.138058,-0.138058,4.095729,-4.325826,-0.01534,2.331651,-5.000778,2.362331,-99.072379,0.522447,146.018809
1778538977.149492,rep1_seg2_dir0,0.0,-0.138058,-0.138058,3.788933,-3.804273,-0.01534,2.193593,-4.494564,2.193593,-94.492279,0.928239,150.525391
1778538977.679766,rep1_seg2_dir0,0.0,-0.138058,-0.138058,3.512816,-3.512816,-0.01534,2.024855,-4.203108,2.024855,-89.595623,1.490467,155.156717
1778538978.215901,rep1_seg2_dir0,0.0,-0.122718,-0.138058,3.22136,-3.22136,-0.01534,1.856117,-3.880972,1.856117,-84.123053,2.062061,159.836909
1778538978.771697,rep1_seg2_dir0,0.0,-0.138058,-0.138058,2.914564,-2.929904,-0.01534,1.687379,-3.528156,1.687379,-77.972245,2.673472,164.501685
1778538979.303909,rep1_seg2_dir0,0.0,-0.138058,-0.138058,2.607768,-2.669127,-0.01534,1.518641,-3.25204,1.518641,-72.187502,3.336991,168.362617
1778538979.838233,rep1_seg2_dir0,0.0,-0.122718,-0.122718,2.346991,-2.346991,-0.01534,1.349903,-2.868544,1.349903,-65.368965,3.9337,172.335433
1778538980.378699,rep1_seg2_dir0,0.0,-0.122718,-0.122718,2.055535,-2.116894,-0.01534,1.181165,-2.546408,1.181165,-58.933405,4.717959,175.569644
1778538980.921971,rep1_seg2_dir0,0.0,-0.122718,-0.122718,1.748738,-1.856117,-0.01534,1.012427,-2.208933,1.012427,-51.736496,5.43643,178.64249
1778538981.454139,rep1_seg2_dir0,0.0,-0.092039,-0.092039,1.472622,-1.564661,-0.01534,0.84369,-1.871457,0.84369,-43.877212,6.078161,181.371677
1778538981.996214,rep1_seg2_dir0,0.0,-0.076699,-0.061359,1.165826,-1.288544,-0.01534,0.659612,-1.549321,0.674952,-36.56344,6.825847,183.474998
1778538982.53036,rep1_seg2_dir0,0.0,-0.076699,-0.061359,0.889709,-0.997088,-0.01534,0.506214,-1.242525,0.506214,-29.177944,7.427759,185.175607
1778538983.074827,rep1_seg2_dir0,0.0,-0.076699,-0.061359,0.582913,-0.720971,-0.01534,0.337476,-0.889709,0.337476,-21.111407,8.239001,186.546638
1778538983.616736,rep1_seg2_dir0,0.0,-0.061359,-0.03068,0.291456,-0.414175,-0.01534,0.168738,-0.552233,0.168738,-13.248045,9.030918,187.438043
1778538984.157053,rep1_seg2_dir0,0.0,-0.01534,-0.01534,0.0,-0.122718,-0.01534,0.0,-0.214757,0.0,-5.246736,9.338255,187.853628
1778538986.947982,rep1_seg2_dir60,0.0,0.0,-0.01534,0.214757,-0.107379,-0.337476,0.184078,-0.199418,-0.184078,-5.294151,5.156618,188.072567
1778538987.488237,rep1_seg2_dir60,0.0,0.0,-0.03068,0.490874,-0.107379,-0.613592,0.521554,-0.368155,-0.352816,-8.723513,-1.635759,187.999236
1778538988.033854,rep1_seg2_dir60,0.0,0.0,-0.03068,0.78233,-0.107379,-0.920389,0.84369,-0.521554,-0.521554,-11.861969,-7.848618,187.508248
1778538988.580777,rep1_seg2_dir60,0.0,0.0,-0.03068,1.073787,-0.107379,-1.227185,1.227185,-0.705631,-0.720971,-15.389196,-14.46703,186.46465
1778538989.134955,rep1_seg2_dir60,0.0,0.0,-0.03068,1.349903,-0.107379,-1.533981,1.549321,-0.874369,-0.874369,-18.723337,-20.619632,185.078185
1778538989.680683,rep1_seg2_dir60,0.0,0.0,-0.03068,1.656699,-0.107379,-1.810098,1.886797,-1.058447,-1.043107,-22.309229,-26.808499,183.212397
1778538990.233498,rep1_seg2_dir60,0.0,0.0,-0.03068,1.932816,-0.107379,-2.116894,2.224272,-1.227185,-1.211845,-25.843022,-33.113264,180.863592
1778538990.775593,rep1_seg2_dir60,0.0,0.0,-0.03068,2.224272,-0.107379,-2.39301,2.546408,-1.380583,-1.380583,-28.970924,-38.76348,178.337783
1778538991.32483,rep1_seg2_dir60,0.0,0.0,-0.046019,2.531069,-0.107379,-2.699807,2.929904,-1.549321,-1.549321,-32.423515,-44.98189,175.086107
1778538991.859278,rep1_seg2_dir60,0.0,0.0,-0.046019,2.761166,-0.107379,-2.991263,3.22136,-1.718059,-1.733399,-35.030043,-49.756652,172.22403
1778538992.421325,rep1_seg2_dir60,0.0,0.0,-0.046019,3.067962,-0.107379,-3.25204,3.604855,-1.902136,-1.902136,-38.364549,-55.231144,168.379448
1778538992.982896,rep1_seg2_dir60,0.0,0.0,-0.046019,3.405438,-0.107379,-3.604855,3.973011,-2.086214,-2.086214,-41.77094,-60.638975,164.032872
1778538993.522231,rep1_seg2_dir60,0.0,0.0,-0.061359,3.589516,-0.107379,-3.896312,4.264467,-2.239612,-2.254952,-43.91848,-64.329467,160.759736
1778538994.064091,rep1_seg2_dir60,0.0,0.0,-0.061359,3.911652,-0.107379,-4.111069,4.632623,-2.40835,-2.40835,-46.822529,-69.075676,156.071291
1778538998.983582,rep1_seg2_dir60,0.0,0.0,-0.061359,3.942331,-0.107379,-4.01903,4.555924,-2.42369,-2.377671,-47.188271,-70.555839,154.811657
1778538999.530011,rep1_seg2_dir60,0.0,0.0,-0.061359,3.635535,-0.107379,-3.650875,4.218448,-2.224272,-2.239612,-44.261276,-66.587081,159.15587
1778539000.084395,rep1_seg2_dir60,0.0,0.0,-0.061359,3.344079,-0.107379,-3.374758,3.865632,-2.055535,-2.086214,-41.295115,-61.88022,163.615669
1778539000.63183,rep1_seg2_dir60,0.0,0.0,-0.061359,3.052622,-0.107379,-3.083302,3.528156,-1.902136,-1.886797,-38.696739,-57.208129,167.473971
1778539001.193416,rep1_seg2_dir60,0.0,0.0,-0.061359,2.761166,-0.107379,-2.776506,3.175341,-1.764078,-1.718059,-35.918826,-51.767588,171.335359
1778539001.72656,rep1_seg2_dir60,0.0,0.0,-0.061359,2.469709,-0.107379,-2.546408,2.853205,-1.58,-1.564661,-32.752663,-46.62956,174.661258
1778539002.2828,rep1_seg2_dir60,0.0,0.0,-0.046019,2.162913,-0.107379,-2.193593,2.500389,-1.395923,-1.411263,-29.250994,-40.905207,177.888695
1778539002.822051,rep1_seg2_dir60,0.0,0.0,-0.046019,1.886797,-0.107379,-1.917476,2.162913,-1.273204,-1.257864,-26.307434,-35.118668,180.505021
1778539003.364471,rep1_seg2_dir60,0.0,0.0,-0.046019,1.58,-0.107379,-1.672039,1.825437,-1.089127,-1.073787,-22.677825,-29.196788,182.869699
1778539003.901289,rep1_seg2_dir60,0.0,0.0,-0.03068,1.303884,-0.092039,-1.395923,1.472622,-0.920389,-0.905049,-19.164733,-23.117666,184.782756
1778539004.446954,rep1_seg2_dir60,0.0,0.0,-0.03068,0.997088,-0.092039,-1.104466,1.150486,-0.79767,-0.751651,-16.009436,-17.066417,186.219155
1778539005.00151,rep1_seg2_dir60,0.0,0.0,-0.03068,0.690291,-0.092039,-0.81301,0.79767,-0.582913,-0.582913,-12.210634,-10.507834,187.349813
1778539005.538537,rep1_seg2_dir60,0.0,0.0,-0.03068,0.398835,-0.092039,-0.536893,0.475534,-0.398835,-0.398835,-8.520787,-3.738861,188.007918
1778539006.098214,rep1_seg2_dir60,0.0,0.0,-0.03068,0.107379,-0.092039,-0.230097,0.092039,-0.230097,-0.230097,-4.820531,3.62394,188.122794
1778539008.97709,rep1_seg2_dir120,0.0,0.0,-0.01534,0.0,0.168738,-0.291456,0.01534,0.01534,-0.352816,-0.025339,4.150657,188.108529
1778539009.538508,rep1_seg2_dir120,0.0,0.0,-0.03068,-0.01534,0.475534,-0.598253,0.168738,0.168738,-0.690291,4.639099,-1.549689,188.010608
1778539010.100931,rep1_seg2_dir120,0.0,0.0,-0.03068,0.0,0.78233,-0.905049,0.322136,0.352816,-1.058447,9.147552,-7.471156,187.470475
1778539010.656746,rep1_seg2_dir120,0.0,0.0,-0.01534,0.0,1.058447,-1.196505,0.536893,0.536893,-1.395923,13.30599,-13.875836,186.457612
1778539011.192992,rep1_seg2_dir120,-0.01534,0.0,-0.03068,0.0,1.334563,-1.487962,0.690291,0.674952,-1.733399,17.087654,-19.540027,185.14635
1778539011.751657,rep1_seg2_dir120,0.0,0.0,-0.03068,-0.01534,1.656699,-1.794758,0.859029,0.859029,-2.086214,21.547612,-25.762879,183.244146
1778539012.301408,rep1_seg2_dir120,0.0,0.0,-0.03068,0.0,1.917476,-2.086214,1.043107,1.058447,-2.45437,25.764965,-31.691346,180.982046
1778539012.856077,rep1_seg2_dir120,0.0,0.0,-0.03068,0.0,2.224272,-2.362331,1.211845,1.196505,-2.761166,29.813859,-37.550024,178.360168
1778539013.410474,rep1_seg2_dir120,-0.01534,0.0,-0.03068,-0.01534,2.485049,-2.699807,1.395923,1.395923,-3.113981,33.711855,-43.030022,175.370228
1778539013.951246,rep1_seg2_dir120,-0.01534,0.0,-0.03068,0.0,2.776506,-3.006603,1.564661,1.564661,-3.451457,37.356307,-47.942813,172.302985
1778539014.480172,rep1_seg2_dir120,-0.01534,0.0,-0.03068,-0.01534,3.083302,-3.22136,1.718059,1.733399,-3.773593,41.433991,-53.065709,168.580522
1778539015.042662,rep1_seg2_dir120,-0.01534,0.0,-0.046019,0.0,3.359418,-3.574176,1.886797,1.902136,-4.141749,44.797367,-57.84877,164.690794
1778539015.579835,rep1_seg2_dir120,-0.01534,0.0,-0.046019,0.0,3.620195,-3.865632,2.086214,2.086214,-4.463885,47.834124,-62.239981,160.806345
1778539016.100992,rep1_seg2_dir120,-0.01534,0.0,-0.046019,0.0,3.926991,-4.080389,2.239612,2.239612,-4.8167,51.020601,-66.67871,156.399423
1778539021.034511,rep1_seg2_dir120,-0.01534,0.0,-0.046019,0.0,3.973011,-4.06505,2.285632,2.285632,-4.740001,52.359789,-68.91772,154.103643
1778539021.580216,rep1_seg2_dir120,-0.01534,0.0,-0.046019,-0.01534,3.696894,-3.681554,2.116894,2.116894,-4.402525,49.140421,-65.259162,158.31061
1778539022.127101,rep1_seg2_dir120,-0.01534,0.0,-0.046019,0.0,3.374758,-3.390098,1.948156,1.948156,-4.04971,45.751761,-61.088564,162.671494
1778539022.673332,rep1_seg2_dir120,-0.01534,0.0,-0.046019,0.0,3.083302,-3.098642,1.779418,1.794758,-3.742914,42.672971,-56.778478,166.541325
1778539023.226612,rep1_seg2_dir120,-0.01534,0.0,-0.046019,0.0,2.791845,-2.791845,1.61068,1.61068,-3.390098,38.974573,-51.907582,170.449456
1778539023.748831,rep1_seg2_dir120,-0.01534,0.0,-0.046019,0.0,2.515729,-2.546408,1.441942,1.441942,-3.098642,35.586533,-47.142571,173.684017
1778539024.310634,rep1_seg2_dir120,-0.01534,0.0,-0.03068,0.0,2.208933,-2.224272,1.273204,1.273204,-2.730486,31.46325,-41.172535,177.17534
1778539024.843458,rep1_seg2_dir120,-0.01534,0.0,-0.03068,0.0,1.932816,-1.948156,1.104466,1.104466,-2.39301,27.515706,-35.407055,180.027601
1778539025.40162,rep1_seg2_dir120,-0.01534,0.0,-0.03068,-0.01534,1.61068,-1.718059,0.935728,0.935728,-2.086214,23.591016,-30.047021,182.337303
1778539025.951717,rep1_seg2_dir120,-0.01534,0.0,-0.03068,0.0,1.334563,-1.426602,0.751651,0.766991,-1.733399,19.65081,-23.895697,184.345538
1778539026.507692,rep1_seg2_dir120,-0.01534,0.0,-0.03068,0.0,1.027767,-1.119806,0.582913,0.582913,-1.380583,15.291785,-17.477974,186.051397
1778539027.059242,rep1_seg2_dir120,0.0,0.0,-0.03068,0.0,0.705631,-0.82835,0.414175,0.414175,-1.043107,11.021609,-10.9079,187.24774
1778539027.589138,rep1_seg2_dir120,0.0,0.0,-0.01534,0.0,0.444854,-0.552233,0.230097,0.245437,-0.720971,7.34206,-4.952207,187.885164
1778539028.110207,rep1_seg2_dir120,0.0,0.0,-0.01534,0.0,0.153398,-0.276117,0.076699,0.076699,-0.368155,3.446659,1.156196,188.122703
1778539030.841094,rep1_seg2_dir180,0.0,0.0,-0.01534,-0.138058,0.122718,-0.107379,-0.092039,0.03068,-0.168738,2.11834,5.904035,187.948125
1778539031.382394,rep1_seg2_dir180,0.0,0.0,-0.01534,-0.444854,0.352816,-0.092039,-0.276117,0.352816,-0.260777,8.107665,7.734372,187.539723
1778539031.952376,rep1_seg2_dir180,0.0,0.0,-0.01534,-0.751651,0.644272,-0.107379,-0.444854,0.659612,-0.429515,15.353816,8.022898,186.789693
1778539032.510175,rep1_seg2_dir180,0.0,0.0,-0.01534,-1.073787,0.951068,-0.092039,-0.613592,1.043107,-0.613592,23.178889,8.292067,185.44601
1778539033.085519,rep1_seg2_dir180,0.0,0.0,-0.01534,-1.365243,1.242525,-0.092039,-0.79767,1.380583,-0.79767,29.784448,8.260401,183.937573
1778539033.630364,rep1_seg2_dir180,0.0,0.0,-0.01534,-1.672039,1.533981,-0.092039,-0.966408,1.733399,-0.966408,36.895036,8.445247,181.832815
1778539034.185393,rep1_seg2_dir180,-0.01534,0.0,0.0,-1.978835,1.794758,-0.107379,-1.135146,2.086214,-1.135146,43.140375,8.659232,179.596684
1778539034.73115,rep1_seg2_dir180,-0.01534,0.0,0.0,-2.270292,2.101554,-0.107379,-1.303884,2.40835,-1.303884,49.783947,8.575181,176.922924
1778539035.277568,rep1_seg2_dir180,-0.01534,0.0,-0.01534,-2.561748,2.40835,-0.107379,-1.472622,2.776506,-1.472622,56.740089,8.646718,173.54722
1778539035.825196,rep1_seg2_dir180,-0.01534,0.0,0.0,-2.868544,2.653787,-0.107379,-1.64136,3.083302,-1.64136,62.362088,8.518955,170.382697
1778539036.377126,rep1_seg2_dir180,-0.01534,0.0,0.0,-3.144661,2.945244,-0.107379,-1.825437,3.466797,-1.825437,68.685929,8.341138,166.291861
1778539036.917977,rep1_seg2_dir180,-0.01534,0.0,0.0,-3.451457,3.20602,-0.107379,-1.994175,3.788933,-1.978835,74.029389,8.077634,162.385919
1778539037.484928,rep1_seg2_dir180,-0.01534,0.0,0.0,-3.758253,3.466797,-0.107379,-2.178253,4.126409,-2.162913,78.932141,7.855925,158.305316
1778539038.024801,rep1_seg2_dir180,-0.01534,0.0,0.0,-4.04971,3.819613,-0.107379,-2.331651,4.494564,-2.331651,84.513727,7.393755,153.201947
1778539038.551606,rep1_seg2_dir180,-0.01534,0.0,0.0,-4.325826,4.080389,-0.107379,-2.485049,4.770681,-2.485049,88.9225,6.923097,148.642993
1778539043.591811,rep1_seg2_dir180,-0.01534,0.0,-0.01534,-3.742914,3.742914,-0.107379,-2.285632,4.310487,-2.300972,83.884561,7.265896,153.999522
1778539044.151389,rep1_seg2_dir180,-0.01534,0.0,-0.01534,-3.451457,3.436117,-0.107379,-2.116894,3.973011,-2.116894,78.867941,7.705109,158.683962
1778539044.713955,rep1_seg2_dir180,-0.01534,0.0,-0.01534,-3.160001,3.129321,-0.107379,-1.932816,3.620195,-1.963496,73.233443,7.892012,163.418078
1778539045.260919,rep1_seg2_dir180,-0.01534,0.0,0.0,-2.853205,2.853205,-0.107379,-1.779418,3.25204,-1.764078,67.300671,8.305943,167.741845
1778539045.807041,rep1_seg2_dir180,-0.01534,0.0,-0.01534,-2.546408,2.531069,-0.107379,-1.61068,2.914564,-1.61068,61.209998,8.589983,171.607611
1778539046.344565,rep1_seg2_dir180,-0.01534,0.0,-0.01534,-2.270292,2.239612,-0.107379,-1.441942,2.577088,-1.487962,55.195904,8.607802,174.935443
1778539046.87497,rep1_seg2_dir180,-0.01534,0.0,0.0,-1.978835,1.963496,-0.092039,-1.288544,2.270292,-1.303884,49.095673,8.887987,177.793367
1778539047.419332,rep1_seg2_dir180,-0.01534,0.0,0.0,-1.718059,1.672039,-0.107379,-1.135146,1.932816,-1.119806,42.49364,9.208599,180.458733
1778539047.982345,rep1_seg2_dir180,-0.01534,0.0,-0.01534,-1.411263,1.380583,-0.092039,-0.966408,1.58,-0.966408,35.678864,9.316381,182.755388
1778539048.511401,rep1_seg2_dir180,-0.01534,0.0,0.0,-1.150486,1.073787,-0.107379,-0.82835,1.242525,-0.79767,29.155401,9.455944,184.53628
1778539049.060442,rep1_seg2_dir180,-0.01534,0.0,-0.01534,-0.905049,0.79767,-0.092039,-0.644272,0.905049,-0.644272,22.43985,9.502925,185.96489
1778539049.62483,rep1_seg2_dir180,-0.01534,0.0,-0.01534,-0.598253,0.490874,-0.092039,-0.444854,0.552233,-0.460194,14.889303,9.327963,187.111229
1778539050.178114,rep1_seg2_dir180,0.0,0.0,-0.01534,-0.306796,0.184078,-0.092039,-0.291456,0.199418,-0.276117,7.452733,9.4534,187.701614
1778539052.856332,rep1_seg2_dir240,-0.01534,0.0,-0.01534,-0.107379,-0.01534,-0.01534,-0.184078,0.01534,-0.122718,1.942582,10.288015,187.802911
1778539053.394378,rep1_seg2_dir240,-0.01534,0.0,-0.01534,-0.398835,-0.01534,0.260777,-0.490874,0.061359,0.061359,3.913092,15.679573,187.233155
1778539053.943043,rep1_seg2_dir240,-0.01534,-0.01534,-0.01534,-0.705631,0.0,0.567573,-0.82835,0.260777,0.199418,7.500598,21.67157,186.229776
1778539054.51925,rep1_seg2_dir240,0.0,-0.01534,0.0,-1.012427,0.0,0.874369,-1.181165,0.429515,0.398835,10.534253,28.027607,184.765675
1778539055.069356,rep1_seg2_dir240,0.0,0.0,0.0,-1.319224,0.0,1.150486,-1.518641,0.598253,0.598253,13.68496,34.272197,182.881109
1778539055.635226,rep1_seg2_dir240,0.0,0.0,0.0,-1.59534,0.0,1.441942,-1.871457,0.751651,0.751651,16.438816,39.869102,180.804859
1778539056.176809,rep1_seg2_dir240,-0.01534,-0.01534,0.0,-1.917476,0.0,1.748738,-2.208933,0.905049,0.920389,19.306412,45.694781,178.334908
1778539056.706585,rep1_seg2_dir240,-0.01534,-0.01534,0.0,-2.193593,-0.01534,2.024855,-2.546408,1.104466,1.104466,22.187894,51.784724,175.317323
1778539057.244166,rep1_seg2_dir240,-0.01534,-0.01534,0.0,-2.469709,0.0,2.300972,-2.868544,1.242525,1.257864,24.655915,57.391864,172.246544
1778539057.780988,rep1_seg2_dir240,-0.01534,-0.01534,0.0,-2.776506,0.0,2.592428,-3.20602,1.426602,1.411263,27.377051,63.137061,168.735694
1778539058.3269,rep1_seg2_dir240,-0.01534,-0.01534,0.0,-3.083302,0.0,2.868544,-3.558836,1.61068,1.61068,29.943711,68.893637,164.671529
1778539058.882195,rep1_seg2_dir240,-0.01534,-0.01534,0.0,-3.374758,-0.01534,3.160001,-3.911652,1.764078,1.779418,32.326588,73.988714,160.633973
1778539059.435178,rep1_seg2_dir240,-0.01534,-0.01534,0.0,-3.666215,-0.01534,3.466797,-4.249127,1.978835,1.948156,34.909269,79.327835,155.865401
1778539059.976802,rep1_seg2_dir240,-0.01534,-0.01534,0.0,-3.973011,0.0,3.742914,-4.586603,2.116894,2.132234,36.953885,83.871712,151.267642
1778539060.528184,rep1_seg2_dir240,-0.01534,-0.01534,0.0,-4.264467,-0.01534,4.01903,-4.924079,2.254952,2.316311,38.717672,88.136461,146.596809
1778539065.694757,rep1_seg2_dir240,-0.01534,-0.01534,0.0,-3.758253,-0.01534,3.742914,-4.448545,2.162913,2.162913,37.3534,85.996989,149.318166
1778539066.235063,rep1_seg2_dir240,-0.01534,-0.01534,0.0,-3.466797,-0.01534,3.466797,-4.126409,1.994175,1.994175,35.154388,81.986504,153.902292
1778539066.773282,rep1_seg2_dir240,-0.01534,-0.01534,0.0,-3.19068,-0.01534,3.175341,-3.819613,1.825437,1.825437,32.915263,77.25916,158.597299
1778539067.319959,rep1_seg2_dir240,-0.01534,-0.01534,0.0,-2.883884,-0.01534,2.868544,-3.466797,1.656699,1.656699,30.56842,72.557907,162.811688
1778539067.856521,rep1_seg2_dir240,-0.01534,-0.01534,0.0,-2.607768,-0.01534,2.592428,-3.144661,1.472622,1.487962,28.008232,67.56748,166.846649
1778539068.411059,rep1_seg2_dir240,-0.01534,-0.01534,0.0,-2.270292,-0.01534,2.285632,-2.776506,1.303884,1.303884,25.274557,61.988017,170.733283
1778539068.958046,rep1_seg2_dir240,-0.01534,-0.01534,0.0,-1.994175,-0.01534,1.978835,-2.469709,1.135146,1.135146,22.521994,56.377422,174.155567
1778539069.499687,rep1_seg2_dir240,-0.01534,-0.01534,0.0,-1.718059,-0.01534,1.702719,-2.162913,0.966408,0.981748,19.772713,51.001249,177.042153
1778539070.051162,rep1_seg2_dir240,0.0,-0.01534,0.0,-1.426602,-0.01534,1.395923,-1.825437,0.81301,0.79767,16.802187,44.848379,179.809288
1778539070.569358,rep1_seg2_dir240,-0.01534,0.0,0.0,-1.165826,-0.01534,1.104466,-1.487962,0.644272,0.628932,13.875075,39.132695,182.009725
1778539071.12877,rep1_seg2_dir240,0.0,0.0,0.0,-0.920389,0.0,0.81301,-1.135146,0.460194,0.475534,10.524954,32.760256,184.08485
1778539071.661111,rep1_seg2_dir240,0.0,0.0,0.0,-0.628932,-0.01534,0.521554,-0.82835,0.306796,0.291456,7.073187,26.584455,185.669177
1778539072.203062,rep1_seg2_dir240,0.0,0.0,-0.01534,-0.352816,-0.01534,0.245437,-0.475534,0.138058,0.122718,3.678502,20.6743,186.796518
1778539074.957207,rep1_seg2_dir300,0.0,0.0,-0.01534,-0.122718,-0.092039,0.076699,-0.230097,-0.046019,0.01534,0.094504,16.009984,187.433019
1778539075.519461,rep1_seg2_dir300,0.0,0.0,-0.01534,-0.107379,-0.398835,0.306796,-0.245437,-0.230097,0.291456,-3.638758,18.847062,186.999814
1778539076.061216,rep1_seg2_dir300,0.0,0.0,-0.01534,-0.107379,-0.705631,0.598253,-0.398835,-0.398835,0.628932,-7.538357,23.84317,186.029929
1778539076.627857,rep1_seg2_dir300,0.0,0.0,0.0,-0.107379,-0.997088,0.889709,-0.598253,-0.567573,0.951068,-10.970354,29.108199,184.706033
1778539077.170066,rep1_seg2_dir300,0.0,0.0,0.0,-0.107379,-1.288544,1.165826,-0.751651,-0.736311,1.319224,-14.431416,34.753233,182.912065
1778539077.734887,rep1_seg2_dir300,0.0,-0.01534,0.0,-0.107379,-1.59534,1.441942,-0.935728,-0.920389,1.656699,-17.921919,40.04069,180.774216
1778539078.26949,rep1_seg2_dir300,0.0,-0.01534,0.0,-0.107379,-1.886797,1.718059,-1.089127,-1.089127,1.994175,-21.004057,45.196294,178.396733
1778539078.82355,rep1_seg2_dir300,0.0,-0.01534,0.0,-0.107379,-2.178253,2.040195,-1.273204,-1.257864,2.377671,-24.308325,50.97759,175.342542
1778539079.377528,rep1_seg2_dir300,0.0,-0.01534,0.0,-0.107379,-2.485049,2.300972,-1.441942,-1.426602,2.684467,-26.937525,55.667668,172.512701
1778539079.92385,rep1_seg2_dir300,0.0,-0.01534,0.0,-0.107379,-2.776506,2.607768,-1.61068,-1.62602,3.052622,-30.004459,60.983235,168.822855
1778539080.475073,rep1_seg2_dir300,0.0,-0.01534,0.0,-0.107379,-3.098642,2.868544,-1.794758,-1.779418,3.344079,-32.22609,65.250203,165.602171
1778539081.02572,rep1_seg2_dir300,0.0,-0.01534,0.0,-0.107379,-3.374758,3.175341,-1.948156,-1.948156,3.727574,-34.842113,70.000053,161.534818
1778539081.568964,rep1_seg2_dir300,0.0,-0.01534,0.0,-0.107379,-3.666215,3.482137,-2.116894,-2.116894,4.06505,-37.418968,74.47988,157.187336
1778539082.111338,rep1_seg2_dir300,0.0,-0.01534,0.0,-0.107379,-3.973011,3.727574,-2.285632,-2.285632,4.402525,-39.564426,78.21243,153.117242
1778539082.676849,rep1_seg2_dir300,0.0,-0.01534,0.0,-0.107379,-4.264467,4.04971,-2.469709,-2.45437,4.770681,-41.841646,82.462338,148.048648
1778539087.694468,rep1_seg2_dir300,0.0,-0.01534,0.0,-0.107379,-3.804273,3.819613,-2.331651,-2.316311,4.417865,-40.038649,80.707293,150.880324
1778539088.242809,rep1_seg2_dir300,0.0,-0.03068,0.0,-0.107379,-3.528156,3.512816,-2.162913,-2.132234,4.06505,-37.645368,76.846169,155.512666
1778539088.786862,rep1_seg2_dir300,0.0,-0.01534,0.0,-0.107379,-3.22136,3.22136,-1.978835,-1.978835,3.712234,-35.464504,72.602081,159.853736
1778539089.343284,rep1_seg2_dir300,0.0,-0.01534,0.0,-0.107379,-2.929904,2.929904,-1.825437,-1.825437,3.374758,-32.904941,67.952022,164.176132
1778539089.890247,rep1_seg2_dir300,0.0,-0.01534,0.0,-0.107379,-2.623108,2.623108,-1.64136,-1.656699,3.037282,-30.352212,63.126714,168.072801
1778539090.453286,rep1_seg2_dir300,0.0,-0.01534,0.0,-0.107379,-2.316311,2.316311,-1.487962,-1.472622,2.684467,-27.771826,58.478421,171.468505
1778539090.990752,rep1_seg2_dir300,0.0,-0.01534,0.0,-0.107379,-2.040195,2.040195,-1.303884,-1.319224,2.331651,-24.787609,53.06461,174.916645
1778539091.543968,rep1_seg2_dir300,0.0,-0.01534,0.0,-0.107379,-1.733399,1.718059,-1.150486,-1.135146,1.994175,-21.51952,47.794902,177.854431
1778539092.083362,rep1_seg2_dir300,0.0,-0.01534,0.0,-0.107379,-1.457282,1.441942,-0.981748,-0.997088,1.656699,-18.618117,42.563565,180.318638
1778539092.627617,rep1_seg2_dir300,0.0,-0.01534,0.0,-0.107379,-1.227185,1.150486,-0.859029,-0.84369,1.319224,-15.301272,37.323211,182.453658
1778539093.177982,rep1_seg2_dir300,0.0,-0.01534,-0.01534,-0.107379,-0.920389,0.84369,-0.659612,-0.659612,0.966408,-11.577763,31.421367,184.425189
1778539093.735641,rep1_seg2_dir300,0.0,0.0,0.0,-0.107379,-0.644272,0.567573,-0.490874,-0.460194,0.628932,-8.081083,25.930962,185.829369
1778539094.265956,rep1_seg2_dir300,0.0,0.0,-0.01534,-0.107379,-0.383495,0.260777,-0.306796,-0.322136,0.306796,-5.004891,20.818007,186.846834
1778539096.784121,rep1_seg2_dir300_hold,0.0,0.0,-0.01534,-0.107379,-0.107379,0.01534,-0.184078,-0.168738,0.01534,-1.399334,15.701229,187.516509
1778539097.351475,rep1_seg2_circle,0.0,0.0,0.0,0.398835,-0.552233,-0.460194,0.276117,-0.536893,0.337476,-10.28961,11.529186,187.419284
1778539097.898173,rep1_seg2_circle,0.0,0.0,-0.01534,0.920389,-1.058447,-0.935728,0.766991,-1.073787,0.766991,-23.504812,9.308577,185.637345
1778539098.445779,rep1_seg2_circle,0.0,0.0,-0.01534,1.411263,-1.59534,-1.533981,1.349903,-1.59534,0.414175,-33.305838,-0.673833,183.524911
1778539098.973928,rep1_seg2_circle,0.0,0.0,-0.03068,1.902136,-1.902136,-2.070874,1.902136,-2.116894,-0.107379,-41.300222,-12.624027,180.351384
1778539099.500793,rep1_seg2_circle,0.0,0.0,-0.03068,2.39301,-1.380583,-2.546408,2.43903,-2.638447,-0.613592,-47.957085,-22.163066,176.381795
1778539100.040549,rep1_seg2_circle,0.0,0.0,-0.046019,2.837865,-0.966408,-3.098642,2.975923,-2.745826,-1.135146,-49.43125,-34.093433,172.644912
1778539100.586119,rep1_seg2_circle,0.0,0.0,-0.046019,3.344079,-0.475534,-3.574176,3.497477,-2.346991,-1.64136,-46.452659,-48.310935,168.404015
1778539101.142376,rep1_seg2_circle,0.0,0.0,-0.046019,3.420778,0.061359,-4.095729,4.01903,-1.840777,-2.178253,-38.593282,-60.668247,164.652151
1778539101.694835,rep1_seg2_circle,0.0,0.01534,-0.046019,2.883884,0.598253,-4.632623,4.310487,-1.303884,-2.684467,-25.206055,-66.989364,164.29199
1778539102.227061,rep1_seg2_circle,0.0,0.0,-0.046019,2.39301,1.089127,-4.924079,3.957671,-0.78233,-3.20602,-12.711742,-68.552005,165.534197
1778539102.769648,rep1_seg2_circle,0.0,0.01534,-0.046019,1.856117,1.61068,-4.86272,3.451457,-0.199418,-3.681554,0.181458,-67.49108,167.446143
1778539103.312357,rep1_seg2_circle,-0.01534,0.01534,-0.046019,1.349903,2.101554,-4.448545,2.914564,0.337476,-4.233788,13.340252,-65.531868,168.222589
1778539103.861252,rep1_seg2_circle,-0.01534,0.01534,-0.046019,0.84369,2.592428,-4.126409,2.377671,0.81301,-4.755341,25.33347,-62.761415,168.106539
1778539104.402944,rep1_seg2_circle,-0.01534,0.0,-0.046019,0.322136,3.129321,-3.543496,1.886797,1.380583,-4.801361,37.693099,-59.630621,166.522114
1778539104.95704,rep1_seg2_circle,-0.01534,0.01534,-0.046019,-0.199418,3.620195,-3.037282,1.349903,1.917476,-4.540584,49.509233,-54.973295,164.238688
1778539105.519321,rep1_seg2_circle,-0.01534,0.01534,-0.046019,-0.720971,4.141749,-2.515729,0.79767,2.45437,-4.126409,60.486597,-48.368623,161.687258
1778539106.074684,rep1_seg2_circle,-0.01534,0.0,-0.046019,-1.273204,4.525244,-1.994175,0.245437,2.975923,-3.666215,70.433638,-38.846734,159.234807
1778539106.608374,rep1_seg2_circle,-0.01534,0.01534,-0.03068,-1.810098,4.479225,-1.487962,-0.291456,3.466797,-3.175341,76.214986,-27.200723,158.408296
1778539107.151602,rep1_seg2_circle,-0.01534,0.01534,0.0,-2.331651,4.04971,-0.951068,-0.82835,3.926991,-2.653787,77.92694,-13.427101,158.978822
1778539107.676123,rep1_seg2_circle,-0.01534,0.0,0.0,-2.822525,3.543496,-0.429515,-1.349903,4.387186,-2.224272,78.098551,-0.598745,159.045226
1778539108.235249,rep1_seg2_circle,-0.01534,0.0,0.0,-3.344079,3.006603,0.122718,-1.902136,4.463885,-1.672039,75.86644,12.123107,159.887328
1778539108.786648,rep1_seg2_circle,-0.01534,0.0,0.0,-3.911652,2.45437,0.628932,-2.43903,4.06505,-1.119806,69.953472,23.620543,162.442739
1778539109.328587,rep1_seg2_circle,-0.01534,-0.01534,0.0,-4.402525,1.948156,1.150486,-2.929904,3.558836,-0.567573,62.794462,35.085362,164.65489
1778539109.883711,rep1_seg2_circle,-0.01534,-0.01534,0.0,-4.540584,1.411263,1.672039,-3.466797,3.021943,0.01534,55.262582,46.730961,165.162659
1778539110.419292,rep1_seg2_circle,-0.01534,-0.01534,0.0,-4.157089,0.889709,2.178253,-4.00369,2.515729,0.567573,47.442395,56.611807,164.84586
1778539110.965459,rep1_seg2_circle,-0.01534,-0.01534,0.0,-3.635535,0.368155,2.699807,-4.540584,1.963496,1.089127,38.302107,65.967128,163.827453
1778539111.509318,rep1_seg2_circle,-0.01534,-0.01534,0.0,-3.129321,-0.138058,3.20602,-4.571263,1.441942,1.62602,29.169501,74.035933,161.83692
1778539112.057459,rep1_seg2_circle,-0.01534,-0.01534,0.0,-2.592428,-0.674952,3.712234,-4.157089,0.889709,2.162913,20.259355,81.604629,158.68954
1778539112.601907,rep1_seg2_circle,-0.01534,-0.01534,0.0,-2.116894,-1.227185,4.233788,-3.742914,0.383495,2.653787,9.406889,87.353793,155.557053
1778539113.150032,rep1_seg2_circle,-0.01534,-0.01534,0.0,-1.62602,-1.733399,4.463885,-3.2367,-0.107379,3.160001,-3.491455,89.384134,153.819281
1778539113.711,rep1_seg2_circle,0.0,-0.01534,0.0,-1.073787,-2.270292,4.157089,-2.730486,-0.674952,3.620195,-16.109175,86.012731,154.801019
1778539114.252681,rep1_seg2_circle,0.0,-0.01534,0.0,-0.552233,-2.745826,3.635535,-2.254952,-1.196505,4.095729,-26.604271,80.032092,156.741079
1778539114.794906,rep1_seg2_circle,0.0,-0.01534,0.0,-0.03068,-3.298059,3.113981,-1.733399,-1.733399,4.402525,-37.085764,72.535707,158.283704
1778539115.36181,rep1_seg2_circle,0.0,-0.01534,0.0,0.490874,-3.850292,2.561748,-1.165826,-2.285632,4.141749,-46.300478,62.947096,160.719708
1778539115.911521,rep1_seg2_circle,0.0,-0.01534,-0.01534,1.043107,-4.325826,2.040195,-0.582913,-2.822525,3.650875,-54.540913,51.267102,163.613028
1778539116.453279,rep1_seg2_circle,0.0,-0.01534,-0.01534,1.503301,-4.601943,1.503301,-0.01534,-3.313399,3.144661,-61.205572,39.706681,165.301344
1778539117.06535,rep1_seg3_dir0,0.0,-0.01534,-0.01534,1.794758,-4.111069,0.920389,0.276117,-3.497477,2.561748,-63.467669,27.38748,168.213403
1778539117.611505,rep1_seg3_dir0,0.0,-0.01534,-0.01534,1.303884,-3.604855,0.383495,0.168738,-3.037282,2.040195,-50.919904,22.690584,175.644982
1778539118.158483,rep1_seg3_dir0,0.0,-0.01534,-0.01534,0.81301,-3.067962,0.0,0.245437,-2.515729,1.518641,-40.736489,19.568856,180.163857
1778539118.695772,rep1_seg3_dir0,0.0,-0.01534,-0.01534,0.306796,-2.561748,0.0,0.383495,-2.009515,0.981748,-32.915199,16.095193,183.096993
1778539119.569401,rep1_seg3_dir0,0.0,-0.01534,0.0,0.0,-1.718059,0.0,0.644272,-1.702719,0.720971,-28.709058,12.774529,184.509671
1778539120.235266,rep1_seg3_dir0,0.0,-0.01534,0.0,0.0,-1.211845,0.0,0.84369,-2.101554,0.889709,-32.595021,11.683346,183.440065
1778539121.579485,rep1_seg3_dir0,0.0,0.0,0.0,0.0,-0.184078,-0.01534,1.257864,-2.929904,1.273204,-31.741915,9.917031,182.797333
1778539122.462148,rep1_seg3_dir0,0.0,0.0,0.0,0.0,-0.184078,-0.01534,1.518641,-3.482137,1.518641,-35.249966,9.515408,181.380431
1778539123.345539,rep1_seg3_dir0,0.0,0.0,0.0,0.0,-0.184078,-0.01534,1.764078,-3.942331,1.779418,-38.8044,9.198337,179.776538
1778539124.132448,rep1_seg3_dir0,0.0,0.0,0.0,0.0,-0.184078,-0.01534,2.009515,-4.509904,2.024855,-42.368014,8.744284,178.021998
1778539124.803634,rep1_seg3_dir0,0.0,0.0,0.0,0.0,-0.184078,-0.01534,2.178253,-4.87806,2.224272,-45.063243,8.471362,176.598774
1778539130.796122,rep1_seg3_dir0,0.0,0.0,0.0,0.0,-0.184078,-0.01534,1.871457,-3.865632,1.871457,-41.249983,8.490479,178.671446
1778539131.435209,rep1_seg3_dir0,0.0,0.0,0.0,0.0,-0.184078,-0.01534,1.672039,-3.436117,1.672039,-38.017421,8.819064,180.262429
1778539132.009672,rep1_seg3_dir0,0.0,0.0,0.0,0.0,-0.184078,-0.01534,1.503301,-3.144661,1.503301,-34.829148,9.201001,181.612674
1778539132.545553,rep1_seg3_dir0,0.0,0.0,0.0,0.0,-0.168738,-0.01534,1.334563,-2.791845,1.334563,-31.296735,9.754467,182.885068
1778539133.081788,rep1_seg3_dir0,0.0,0.0,0.0,0.0,-0.153398,-0.01534,1.165826,-2.485049,1.165826,-27.991364,10.284038,183.946634
1778539133.62871,rep1_seg3_dir0,0.0,0.0,0.0,0.0,-0.153398,-0.01534,0.981748,-2.116894,0.981748,-24.333934,10.850585,184.966064
1778539134.182462,rep1_seg3_dir0,0.0,0.0,0.0,-0.01534,-0.153398,-0.01534,0.81301,-1.810098,0.82835,-21.118775,11.234908,185.724179
1778539134.729332,rep1_seg3_dir0,0.0,0.0,0.0,-0.01534,-0.138058,-0.01534,0.644272,-1.487962,0.659612,-17.893409,11.570895,186.391305
1778539135.492309,rep1_seg3_dir0,0.0,0.0,0.0,-0.01534,-0.107379,0.0,0.398835,-1.027767,0.414175,-13.323157,11.864091,187.093292
1778539136.033868,rep1_seg3_dir0,0.0,0.0,0.0,-0.01534,-0.107379,0.0,0.230097,-0.705631,0.245437,-10.294641,11.985623,187.437118
1778539136.566931,rep1_seg3_dir0,0.0,0.0,0.0,-0.01534,-0.092039,0.0,0.076699,-0.352816,0.076699,-6.981637,11.996057,187.670867
1778539139.611226,rep1_seg3_dir60,0.0,0.0,0.0,-0.01534,-0.092039,-0.01534,0.214757,-0.199418,-0.199418,-4.964495,10.69793,187.837551
1778539140.157837,rep1_seg3_dir60,0.0,0.0,0.0,-0.01534,-0.092039,0.0,0.536893,-0.368155,-0.368155,-6.488955,8.05757,187.937864
1778539140.696369,rep1_seg3_dir60,0.0,0.0,0.0,-0.01534,-0.092039,0.0,0.84369,-0.536893,-0.536893,-8.368863,5.672921,187.825
1778539141.332282,rep1_seg3_dir60,0.0,0.0,0.0,-0.01534,-0.092039,-0.01534,1.257864,-0.736311,-0.736311,-10.607515,2.661104,187.51492
1778539142.19908,rep1_seg3_dir60,0.0,0.0,0.0,-0.01534,-0.092039,-0.01534,1.764078,-1.012427,-0.997088,-13.312981,-1.002027,186.895717
1778539142.842635,rep1_seg3_dir60,0.0,0.0,0.0,-0.01534,-0.092039,-0.01534,2.178253,-1.211845,-1.211845,-15.43916,-4.001086,186.200309
1778539143.494205,rep1_seg3_dir60,0.0,0.0,0.0,0.0,-0.092039,-0.01534,2.500389,-1.411263,-1.411263,-17.515453,-6.818485,185.415146
1778539144.036633,rep1_seg3_dir60,0.0,0.0,0.0,0.0,-0.092039,-0.01534,2.899224,-1.564661,-1.58,-19.875015,-10.391278,184.348739
1778539144.795867,rep1_seg3_dir60,0.0,0.0,0.0,0.0,-0.092039,-0.01534,3.313399,-1.810098,-1.810098,-22.539782,-14.279348,182.941081
1778539145.453725,rep1_seg3_dir60,0.0,0.0,0.0,0.0,-0.107379,-0.03068,3.758253,-2.024855,-2.024855,-25.214896,-17.998513,181.240679
1778539146.003707,rep1_seg3_dir60,0.01534,0.0,0.0,0.0,-0.092039,-0.03068,4.04971,-2.178253,-2.193593,-26.905833,-20.390965,180.003886
1778539146.562661,rep1_seg3_dir60,0.0,0.0,0.0,0.0,-0.107379,-0.03068,4.417865,-2.362331,-2.362331,-28.875491,-23.183091,178.391836
1778539151.778038,rep1_seg3_dir60,0.0,0.0,0.0,0.0,-0.092039,-0.03068,4.448545,-2.362331,-2.331651,-29.136984,-24.614632,177.832624
1778539152.316938,rep1_seg3_dir60,0.0,0.0,0.0,0.0,-0.107379,-0.03068,4.126409,-2.162913,-2.193593,-27.044751,-22.619676,179.395875
1778539152.842529,rep1_seg3_dir60,0.0,0.0,0.0,0.0,-0.107379,-0.03068,3.804273,-2.009515,-2.040195,-25.27582,-20.426473,180.803156
1778539153.384697,rep1_seg3_dir60,0.0,0.0,0.0,0.0,-0.107379,-0.03068,3.451457,-1.856117,-1.840777,-23.409858,-17.787217,182.223891
1778539153.929258,rep1_seg3_dir60,0.0,0.0,0.0,0.0,-0.092039,-0.03068,3.113981,-1.733399,-1.702719,-21.692398,-15.298166,183.359353
1778539154.48734,rep1_seg3_dir60,0.0,0.0,0.0,0.0,-0.107379,-0.03068,2.761166,-1.533981,-1.533981,-19.637208,-12.589281,184.502325
1778539155.029411,rep1_seg3_dir60,0.0,0.0,0.0,0.0,-0.092039,-0.03068,2.42369,-1.365243,-1.365243,-17.734471,-9.936608,185.42417
1778539155.696702,rep1_seg3_dir60,0.0,0.0,0.0,0.0,-0.092039,-0.03068,2.024855,-1.165826,-1.165826,-15.466017,-6.482481,186.372413
1778539156.258018,rep1_seg3_dir60,0.0,0.0,0.0,0.0,-0.092039,-0.01534,1.672039,-0.997088,-1.012427,-13.529076,-3.683185,186.975669
1778539156.796227,rep1_seg3_dir60,0.0,0.0,0.0,0.0,-0.092039,-0.01534,1.334563,-0.84369,-0.84369,-11.728089,-0.966101,187.443135
1778539157.444549,rep1_seg3_dir60,0.0,0.0,0.0,-0.01534,-0.092039,-0.01534,0.920389,-0.644272,-0.644272,-9.674656,2.300141,187.792722
1778539157.983177,rep1_seg3_dir60,0.0,0.0,0.0,-0.01534,-0.092039,0.0,0.582913,-0.444854,-0.490874,-7.822173,4.894621,187.972174
1778539158.520582,rep1_seg3_dir60,0.0,0.0,0.0,-0.01534,-0.092039,0.0,0.245437,-0.306796,-0.306796,-6.368594,7.96797,187.973128
1778539161.241408,rep1_seg3_dir120,0.0,0.0,0.0,-0.01534,-0.092039,0.0,0.0,-0.122718,-0.153398,-4.633037,10.863624,187.817112
1778539162.011863,rep1_seg3_dir120,0.0,0.0,0.0,-0.01534,-0.092039,0.0,0.122718,0.107379,-0.598253,-1.632458,9.337703,187.975065
1778539162.570763,rep1_seg3_dir120,0.0,0.0,0.0,-0.01534,-0.092039,0.0,0.306796,0.306796,-0.951068,0.452515,6.721768,188.03465
1778539163.225029,rep1_seg3_dir120,0.0,0.0,0.0,-0.01534,-0.076699,0.0,0.490874,0.490874,-1.365243,2.748074,3.613486,187.917222
1778539163.895212,rep1_seg3_dir120,0.0,0.0,0.0,-0.01534,-0.01534,-0.01534,0.705631,0.659612,-1.764078,5.004621,0.197114,187.663806
1778539164.553444,rep1_seg3_dir120,0.0,0.0,0.0,-0.03068,0.0,-0.01534,0.889709,0.859029,-2.178253,7.12646,-2.874871,187.208659
1778539165.208499,rep1_seg3_dir120,0.0,0.0,0.0,-0.03068,0.0,-0.01534,1.104466,1.089127,-2.592428,9.634534,-6.335236,186.545816
1778539165.861405,rep1_seg3_dir120,0.0,0.0,0.0,-0.03068,0.0,-0.01534,1.273204,1.273204,-2.975923,11.59931,-9.144787,185.824857
1778539166.512746,rep1_seg3_dir120,0.0,0.0,0.0,-0.03068,0.0,-0.01534,1.487962,1.472622,-3.405438,13.463085,-12.234836,184.922179
1778539167.266104,rep1_seg3_dir120,0.0,0.0,0.0,-0.03068,0.0,-0.01534,1.702719,1.702719,-3.834952,15.842882,-15.328442,183.738418
1778539167.812848,rep1_seg3_dir120,0.0,0.0,0.0,-0.03068,0.0,-0.03068,1.871457,1.871457,-4.203108,17.606843,-17.689944,182.725331
1778539168.57887,rep1_seg3_dir120,0.0,0.0,0.0,-0.03068,0.0,-0.03068,2.116894,2.086214,-4.663302,19.807949,-21.040369,181.193202
1778539174.316163,rep1_seg3_dir120,0.0,0.0,0.0,-0.03068,0.0,-0.03068,2.086214,2.086214,-4.279807,20.573592,-21.844817,180.891211
1778539175.096358,rep1_seg3_dir120,0.0,0.0,0.0,-0.03068,0.0,-0.03068,1.840777,1.840777,-3.819613,18.531759,-18.926135,182.50509
1778539175.979978,rep1_seg3_dir120,0.0,0.0,0.0,-0.03068,0.01534,-0.03068,1.58,1.58,-3.282719,16.207331,-15.59396,184.09529
1778539176.745875,rep1_seg3_dir120,0.0,0.0,0.0,-0.03068,0.0,-0.03068,1.334563,1.303884,-2.837865,13.932461,-12.366575,185.336998
1778539177.399819,rep1_seg3_dir120,0.0,0.0,0.0,-0.03068,0.0,-0.03068,1.119806,1.119806,-2.40835,12.049215,-9.315733,186.229275
1778539177.975287,rep1_seg3_dir120,0.0,0.0,0.0,-0.03068,0.0,-0.01534,0.935728,0.951068,-2.086214,10.335608,-6.716248,186.872449
1778539178.510486,rep1_seg3_dir120,0.0,0.0,0.0,-0.03068,0.0,-0.01534,0.78233,0.78233,-1.733399,8.846301,-4.182836,187.355081
1778539179.162645,rep1_seg3_dir120,0.0,0.0,0.0,-0.03068,0.0,-0.01534,0.582913,0.582913,-1.334563,6.886098,-1.173687,187.77975
1778539179.821523,rep1_seg3_dir120,0.0,0.0,0.0,-0.03068,0.0,-0.01534,0.368155,0.368155,-0.951068,4.845519,1.911373,188.038069
1778539180.366252,rep1_seg3_dir120,0.0,0.0,0.0,-0.03068,-0.01534,-0.01534,0.199418,0.199418,-0.628932,3.186255,4.761432,188.091011
1778539180.920903,rep1_seg3_dir120,0.0,0.0,0.0,-0.03068,-0.01534,-0.01534,0.03068,0.03068,-0.260777,1.350785,8.016105,188.001656
1778539183.920589,rep1_seg3_dir180,0.0,0.0,0.0,-0.03068,-0.01534,0.0,-0.230097,0.291456,-0.214757,2.82613,10.162402,187.805288
1778539184.467562,rep1_seg3_dir180,0.0,0.0,0.0,-0.03068,-0.01534,-0.01534,-0.398835,0.598253,-0.398835,6.090912,10.281779,187.578807
1778539185.130307,rep1_seg3_dir180,0.0,0.0,0.0,-0.03068,-0.01534,0.0,-0.613592,1.012427,-0.598253,10.153832,10.064212,187.159039
1778539185.887679,rep1_seg3_dir180,0.0,0.0,0.0,-0.03068,0.0,-0.01534,-0.84369,1.441942,-0.84369,14.141786,9.656451,186.508161
1778539186.433339,rep1_seg3_dir180,0.0,0.0,0.0,-0.03068,0.0,-0.01534,-1.012427,1.794758,-1.012427,17.391345,9.424917,185.827123
1778539187.096657,rep1_seg3_dir180,0.0,0.0,0.0,-0.046019,0.0,-0.01534,-1.227185,2.193593,-1.211845,21.227749,9.084088,184.824526
1778539187.637214,rep1_seg3_dir180,0.0,0.0,0.0,-0.046019,0.0,-0.01534,-1.395923,2.531069,-1.380583,24.272943,8.723085,183.88041
1778539188.271037,rep1_seg3_dir180,0.0,0.0,0.0,-0.046019,0.0,-0.01534,-1.58,2.899224,-1.58,28.115807,8.257413,182.580391
1778539188.93479,rep1_seg3_dir180,0.0,0.0,0.0,-0.046019,0.0,-0.01534,-1.794758,3.298059,-1.794758,32.077043,7.618872,181.006789
1778539189.58634,rep1_seg3_dir180,0.0,0.0,0.0,-0.046019,0.0,-0.01534,-1.994175,3.712234,-1.994175,36.264795,7.073619,179.081754
1778539190.246279,rep1_seg3_dir180,0.0,0.0,0.0,-0.046019,0.0,-0.01534,-2.208933,4.080389,-2.208933,39.798175,6.33068,177.250418
1778539190.787568,rep1_seg3_dir180,0.0,0.0,0.0,-0.061359,0.0,-0.01534,-2.377671,4.433205,-2.362331,43.012166,5.941603,175.324567
1778539195.804403,rep1_seg3_dir180,0.0,0.0,0.0,-0.061359,0.0,-0.01534,-2.300972,4.586603,-2.40835,44.844032,5.728294,174.218577
1778539196.57659,rep1_seg3_dir180,0.0,0.0,0.0,-0.061359,0.0,-0.01534,-2.116894,4.095729,-2.193593,40.731125,6.259604,176.901398
1778539197.120968,rep1_seg3_dir180,0.0,0.0,0.0,-0.061359,0.0,-0.01534,-1.963496,3.773593,-2.024855,37.712711,6.672767,178.673077
1778539197.670686,rep1_seg3_dir180,0.0,0.0,0.0,-0.061359,0.0,-0.01534,-1.840777,3.405438,-1.825437,34.377534,7.338342,180.375057
1778539198.336297,rep1_seg3_dir180,0.0,0.0,0.0,-0.061359,0.0,-0.01534,-1.62602,2.991263,-1.62602,30.189947,8.033083,182.158859
1778539198.880371,rep1_seg3_dir180,0.0,0.0,0.0,-0.061359,0.0,-0.01534,-1.472622,2.669127,-1.503301,26.965995,8.307433,183.36893
1778539199.425418,rep1_seg3_dir180,0.0,0.0,0.0,-0.061359,0.0,-0.01534,-1.303884,2.300972,-1.303884,23.399436,8.95812,184.480463
1778539199.97045,rep1_seg3_dir180,0.0,0.0,0.0,-0.061359,0.0,0.0,-1.150486,1.978835,-1.150486,20.400649,9.370239,185.343567
1778539200.509047,rep1_seg3_dir180,0.0,0.0,0.0,-0.046019,0.0,-0.01534,-0.981748,1.656699,-0.997088,17.166503,9.49282,186.119971
1778539201.062429,rep1_seg3_dir180,0.0,0.0,0.0,-0.046019,-0.01534,0.0,-0.82835,1.303884,-0.81301,14.048834,9.77716,186.719973
1778539201.82077,rep1_seg3_dir180,0.0,0.0,0.0,-0.046019,-0.01534,0.0,-0.567573,0.84369,-0.598253,9.748395,9.948311,187.35212
1778539202.584814,rep1_seg3_dir180,0.0,0.0,0.0,-0.046019,-0.01534,0.0,-0.368155,0.352816,-0.352816,5.290456,10.374419,187.734352
1778539203.246455,rep1_seg3_dir180_hold,0.0,0.0,0.0,-0.03068,-0.01534,0.0,-0.184078,0.0,-0.153398,1.479131,10.571816,187.844055
1778539206.261892,rep1_seg3_dir240,0.0,0.0,0.0,-0.03068,-0.01534,0.0,-0.613592,0.138058,0.122718,2.559699,13.351983,187.506581
1778539206.921985,rep1_seg3_dir240,0.0,0.0,0.0,-0.03068,-0.01534,0.0,-1.043107,0.352816,0.291456,4.713042,16.510441,186.946532
1778539207.483198,rep1_seg3_dir240,0.0,0.0,0.0,-0.046019,0.0,0.0,-1.395923,0.536893,0.506214,6.224621,19.192923,186.368564
1778539208.271581,rep1_seg3_dir240,0.0,0.0,0.0,-0.046019,-0.01534,0.0,-1.871457,0.736311,0.736311,8.019742,22.668336,185.439715
1778539209.146715,rep1_seg3_dir240,0.0,0.0,0.0,-0.046019,-0.01534,0.0,-2.42369,1.012427,0.997088,10.325537,26.582377,184.091674
1778539209.904163,rep1_seg3_dir240,0.0,0.0,0.0,-0.046019,-0.01534,0.0,-2.868544,1.227185,1.227185,11.884638,30.10954,182.717477
1778539210.660914,rep1_seg3_dir240,0.0,0.0,0.0,-0.046019,-0.01534,0.0,-3.344079,1.441942,1.441942,13.316708,33.357657,181.315709
1778539211.434077,rep1_seg3_dir240,0.0,0.0,0.0,-0.046019,-0.01534,0.0,-3.834952,1.672039,1.672039,14.981952,36.902895,179.568259
1778539212.080284,rep1_seg3_dir240,0.0,0.0,0.0,-0.046019,-0.01534,0.01534,-4.249127,1.871457,1.871457,16.226611,39.762104,178.010852
1778539212.935274,rep1_seg3_dir240,0.0,0.0,0.0,-0.061359,-0.01534,0.0,-4.786021,2.101554,2.116894,17.725144,43.029933,176.004232
1778539218.36212,rep1_seg3_dir240,0.0,0.0,0.0,-0.061359,-0.01534,0.01534,-4.341166,2.147573,2.162913,18.435244,44.607223,175.039358
1778539219.263089,rep1_seg3_dir240,0.0,0.0,0.0,-0.061359,-0.01534,0.0,-3.850292,1.871457,1.871457,16.532483,40.966123,177.612275
1778539219.905069,rep1_seg3_dir240,0.0,0.0,0.0,-0.061359,-0.01534,0.0,-3.436117,1.672039,1.672039,14.96403,38.236956,179.339401
1778539220.550148,rep1_seg3_dir240,0.0,0.0,0.0,-0.061359,-0.01534,0.01534,-3.067962,1.457282,1.472622,13.360197,35.512773,180.869026
1778539221.204919,rep1_seg3_dir240,0.0,0.0,0.0,-0.061359,-0.01534,0.0,-2.653787,1.257864,1.257864,11.820274,32.442211,182.331567
1778539221.963833,rep1_seg3_dir240,0.0,0.0,0.0,-0.061359,-0.01534,0.0,-2.224272,1.027767,1.027767,9.995829,29.161146,183.732215
1778539222.727817,rep1_seg3_dir240,0.0,0.0,0.0,-0.046019,-0.01534,0.0,-1.764078,0.79767,0.79767,8.106982,25.927287,184.930972
1778539223.694041,rep1_seg3_dir240,0.0,0.0,0.0,-0.046019,-0.01534,0.0,-1.181165,0.475534,0.475534,5.480333,21.704766,186.172521
1778539224.363474,rep1_seg3_dir240,0.0,0.0,0.0,-0.046019,-0.01534,0.0,-0.78233,0.276117,0.291456,3.477036,18.812037,186.84765
1778539225.014046,rep1_seg3_dir240,0.0,0.0,0.0,-0.03068,-0.01534,0.0,-0.368155,0.076699,0.076699,1.53352,15.767254,187.364189
1778539228.136974,rep1_seg3_dir300,0.0,0.0,0.0,-0.03068,-0.01534,0.0,-0.230097,-0.230097,0.291456,-1.466934,15.067532,187.410698
1778539228.905031,rep1_seg3_dir300,0.0,0.0,0.0,-0.03068,-0.01534,0.0,-0.475534,-0.475534,0.766991,-3.760291,17.904621,186.935392
1778539229.676609,rep1_seg3_dir300,0.0,0.0,0.0,-0.03068,-0.01534,0.0,-0.720971,-0.705631,1.227185,-5.663676,21.163235,186.179756
1778539230.455408,rep1_seg3_dir300,0.0,0.0,0.0,-0.03068,-0.01534,0.0,-0.966408,-0.966408,1.702719,-7.597887,24.336401,185.261605
1778539231.338666,rep1_seg3_dir300,0.0,-0.01534,0.0,-0.03068,-0.01534,0.0,-1.242525,-1.227185,2.254952,-9.849828,28.63317,183.796669
1778539232.097415,rep1_seg3_dir300,0.0,0.0,0.0,-0.03068,-0.01534,0.0,-1.472622,-1.472622,2.684467,-11.84619,32.273996,182.294947
1778539232.864724,rep1_seg3_dir300,0.0,-0.01534,0.0,-0.03068,-0.01534,0.0,-1.718059,-1.718059,3.144661,-13.629017,36.016456,180.580083
1778539233.642466,rep1_seg3_dir300,0.0,0.0,0.0,-0.03068,-0.03068,0.0,-1.963496,-1.963496,3.635535,-15.700512,40.257937,178.278511
1778539234.180404,rep1_seg3_dir300,0.0,-0.01534,0.0,-0.03068,-0.03068,0.0,-2.132234,-2.116894,3.988351,-16.850999,43.067431,176.612929
1778539234.752106,rep1_seg3_dir300,0.0,0.0,0.0,-0.03068,-0.03068,0.0,-2.300972,-2.254952,4.295147,-17.742374,45.613707,174.994271
1778539235.529049,rep1_seg3_dir300,0.0,0.0,0.0,-0.046019,-0.03068,0.0,-2.485049,-2.485049,4.709322,-19.211945,48.789724,172.649719
1778539240.683924,rep1_seg3_dir300,0.0,-0.01534,0.0,-0.046019,-0.03068,0.0,-2.208933,-2.086214,4.157089,-17.204651,46.105167,175.131857
1778539241.446633,rep1_seg3_dir300,0.0,0.0,0.0,-0.046019,-0.03068,0.0,-1.963496,-1.902136,3.666215,-15.8637,42.747488,177.472476
1778539242.096487,rep1_seg3_dir300,0.0,0.0,0.0,-0.046019,-0.03068,0.0,-1.764078,-1.748738,3.282719,-14.715069,39.661903,179.270562
1778539242.760142,rep1_seg3_dir300,0.0,0.0,0.0,-0.046019,-0.03068,0.0,-1.564661,-1.564661,2.868544,-13.284183,36.575197,180.908992
1778539243.530796,rep1_seg3_dir300,0.0,0.0,0.0,-0.03068,-0.03068,0.0,-1.319224,-1.303884,2.377671,-11.417022,32.557998,182.73673
1778539244.180094,rep1_seg3_dir300,0.0,0.0,0.0,-0.03068,-0.03068,0.0,-1.135146,-1.119806,1.978835,-9.802629,29.488005,183.949046
1778539244.726266,rep1_seg3_dir300,0.0,0.0,0.0,-0.03068,-0.01534,0.0,-0.966408,-0.951068,1.62602,-8.538159,26.72818,184.900906
1778539245.281801,rep1_seg3_dir300,0.0,0.0,0.0,-0.03068,-0.01534,0.0,-0.81301,-0.79767,1.288544,-7.170388,24.171311,185.693975
1778539246.180006,rep1_seg3_dir300,0.0,0.0,0.0,-0.03068,-0.01534,0.0,-0.521554,-0.521554,0.720971,-5.164541,19.972361,186.667604
1778539246.717357,rep1_seg3_dir300,0.0,0.0,0.0,-0.03068,0.0,0.0,-0.368155,-0.352816,0.398835,-3.716446,17.61337,187.135205
1778539249.650642,rep1_seg3_circle,0.0,0.0,0.0,-0.03068,0.0,0.0,0.0,-0.245437,0.076699,-2.997675,13.6848,187.587682
1778539250.197567,rep1_seg3_circle,0.0,0.0,0.0,-0.01534,0.0,0.0,0.521554,-0.78233,0.582913,-9.392148,13.195406,187.102131
1778539250.750959,rep1_seg3_circle,0.0,0.0,0.0,-0.01534,0.0,-0.01534,1.027767,-1.319224,0.690291,-15.48937,11.461519,186.257517
1778539251.305359,rep1_seg3_circle,0.0,0.0,0.0,0.0,-0.01534,-0.01534,1.58,-1.856117,0.153398,-19.063666,5.757782,185.781172
1778539251.852435,rep1_seg3_circle,0.0,0.0,0.0,0.0,-0.01534,-0.01534,2.147573,-2.331651,-0.368155,-21.834512,0.418225,184.993245
1778539252.397923,rep1_seg3_circle,0.0,0.0,0.0,0.0,-0.01534,-0.01534,2.623108,-2.868544,-0.905049,-22.85294,-4.671385,184.263933
1778539252.947908,rep1_seg3_circle,0.0,0.0,0.0,0.0,-0.01534,-0.01534,3.175341,-2.500389,-1.426602,-24.213444,-10.717586,183.006031
1778539253.504647,rep1_seg3_circle,0.0,0.0,0.0,0.0,-0.01534,-0.03068,3.681554,-2.009515,-1.917476,-23.368324,-16.681058,181.843929
1778539254.064247,rep1_seg3_circle,0.0,0.0,0.0,0.0,0.0,-0.03068,4.172428,-1.518641,-2.469709,-20.896391,-22.712435,180.527253
1778539254.605308,rep1_seg3_circle,0.0,0.0,0.0,0.0,0.0,-0.03068,4.172428,-1.012427,-2.945244,-16.212984,-25.43808,180.445047
1778539255.163812,rep1_seg3_circle,0.0,0.0,0.0,0.0,0.01534,-0.03068,3.650875,-0.444854,-3.497477,-8.033753,-25.062596,181.724553
1778539255.709484,rep1_seg3_circle,0.0,0.0,0.0,-0.01534,0.0,-0.03068,3.113981,0.061359,-3.973011,0.249771,-22.798211,183.02099
1778539256.255063,rep1_seg3_circle,0.0,0.0,0.0,-0.01534,0.0,-0.03068,2.577088,0.567573,-4.509904,6.603687,-20.484384,183.715514
1778539256.810458,rep1_seg3_circle,0.0,0.0,0.0,-0.03068,0.0,-0.03068,2.055535,1.073787,-4.86272,12.061089,-18.175013,183.96483
1778539257.372381,rep1_seg3_circle,0.0,0.0,0.0,-0.03068,0.0,-0.03068,1.518641,1.59534,-4.632623,16.951871,-15.766578,183.894769
1778539257.920906,rep1_seg3_circle,0.0,0.0,0.0,-0.03068,0.0,-0.03068,0.981748,2.116894,-4.249127,21.952513,-13.391498,183.294168
1778539258.471553,rep1_seg3_circle,0.0,0.0,0.0,-0.046019,0.0,-0.03068,0.429515,2.653787,-3.758253,26.81112,-10.761516,182.382652
1778539259.004942,rep1_seg3_circle,0.0,0.0,0.0,-0.046019,0.0,-0.03068,-0.092039,3.098642,-3.282719,30.927456,-7.638039,181.321874
1778539259.55584,rep1_seg3_circle,0.0,0.0,0.0,-0.046019,0.0,-0.03068,-0.628932,3.650875,-2.822525,35.844338,-4.250781,179.533629
1778539260.113348,rep1_seg3_circle,0.0,0.0,0.0,-0.046019,0.0,-0.03068,-1.181165,4.157089,-2.316311,39.954558,0.655467,177.628489
1778539260.653008,rep1_seg3_circle,0.0,0.0,0.0,-0.046019,0.0,-0.01534,-1.702719,4.402525,-1.794758,41.709462,5.951267,176.439673
1778539261.197868,rep1_seg3_circle,0.0,0.0,0.0,-0.061359,0.0,-0.01534,-2.239612,4.203108,-1.319224,39.956568,11.466937,176.702707
1778539261.734255,rep1_seg3_circle,0.0,0.0,0.0,-0.061359,0.0,0.0,-2.745826,3.758253,-0.79767,35.026059,17.544571,178.182764
1778539262.281186,rep1_seg3_circle,0.0,0.0,0.0,-0.061359,0.0,0.0,-3.282719,3.22136,-0.245437,29.492335,23.290824,179.389546
1778539262.826896,rep1_seg3_circle,0.0,0.0,0.0,-0.061359,-0.01534,0.01534,-3.773593,2.684467,0.245437,24.412521,27.354033,180.272747
1778539263.361997,rep1_seg3_circle,0.0,0.0,0.0,-0.061359,-0.01534,0.0,-4.341166,2.147573,0.79767,19.823612,30.977843,180.647653
1778539263.902727,rep1_seg3_circle,0.0,0.0,0.0,-0.061359,-0.01534,0.01534,-4.678642,1.64136,1.303884,15.417443,34.338481,180.623084
1778539264.438542,rep1_seg3_circle,0.0,0.0,0.0,-0.061359,-0.01534,0.0,-4.325826,1.104466,1.825437,10.908743,36.846367,180.541633
1778539264.979723,rep1_seg3_circle,0.0,0.0,0.0,-0.061359,-0.01534,0.01534,-3.850292,0.598253,2.346991,6.421981,39.72995,179.911962
1778539265.531533,rep1_seg3_circle,0.0,-0.01534,0.0,-0.046019,-0.01534,0.01534,-3.328739,0.092039,2.837865,1.576386,42.330354,179.028224
1778539266.064194,rep1_seg3_circle,0.0,-0.01534,0.0,-0.046019,-0.03068,0.0,-2.899224,-0.414175,3.313399,-3.63036,44.103962,178.137265
1778539266.605904,rep1_seg3_circle,0.0,0.0,0.0,-0.046019,-0.03068,0.0,-2.42369,-0.951068,3.788933,-9.264313,45.333101,176.977503
1778539267.138862,rep1_seg3_circle,0.0,0.0,0.0,-0.046019,-0.03068,0.0,-1.948156,-1.457282,4.279807,-14.936356,46.152674,175.501197
1778539267.686285,rep1_seg3_circle,0.0,0.0,0.0,-0.03068,-0.03068,0.0,-1.426602,-2.009515,4.356506,-19.86771,43.832358,175.400606
1778539268.205026,rep1_seg3_circle,0.0,0.0,0.0,-0.03068,-0.03068,0.01534,-0.905049,-2.515729,3.926991,-23.282467,38.516874,176.810232
1778539268.76003,rep1_seg3_circle,0.0,0.0,0.0,-0.01534,-0.03068,0.0,-0.352816,-3.006603,3.420778,-26.23113,31.401732,178.726247
1778539269.306179,rep1_seg3_circle,0.0,0.0,0.0,0.0,-0.03068,0.0,0.168738,-3.497477,2.899224,-27.619439,25.477212,180.27328
1778539273.421951,rep1_pair12_same_dir0,0.168738,-0.122718,-0.138058,0.276117,-0.429515,-0.01534,0.061359,-0.475534,0.107379,-10.446682,12.189328,187.440932
1778539273.961543,rep1_pair12_same_dir0,0.490874,-0.291456,-0.306796,0.78233,-0.951068,-0.01534,0.383495,-1.012427,0.414175,-25.761192,10.075172,185.79882
1778539274.514891,rep1_pair12_same_dir0,0.82835,-0.460194,-0.490874,1.303884,-1.487962,0.0,0.751651,-1.549321,0.766991,-41.869528,8.003394,182.391392
1778539275.056547,rep1_pair12_same_dir0,1.135146,-0.628932,-0.644272,1.825437,-1.994175,0.0,1.104466,-2.086214,1.119806,-57.181935,6.527972,177.421558
1778539275.606375,rep1_pair12_same_dir0,1.487962,-0.79767,-0.81301,2.346991,-2.515729,0.0,1.426602,-2.623108,1.426602,-71.738822,4.812177,171.001556
1778539276.165497,rep1_pair12_same_dir0,1.856117,-0.981748,-0.997088,2.837865,-3.037282,0.0,1.764078,-3.160001,1.779418,-85.950671,3.303421,162.895772
1778539276.714823,rep1_pair12_same_dir0,2.178253,-1.150486,-1.165826,3.390098,-3.558836,0.0,2.116894,-3.666215,2.116894,-99.123229,1.626574,153.388356
1778539277.256289,rep1_pair12_same_dir0,2.515729,-1.319224,-1.334563,3.850292,-4.080389,0.0,2.42369,-4.172428,2.45437,-110.458982,0.472145,143.403045
1778539277.817708,rep1_pair12_same_dir0,2.868544,-1.487962,-1.518641,4.417865,-4.601943,0.0,2.745826,-4.724661,2.791845,-121.624447,-0.825327,131.312076
1778539278.381275,rep1_pair12_same_dir0,3.20602,-1.672039,-1.687379,4.939419,-5.092817,0.0,3.113981,-5.276895,3.083302,-131.385491,-1.952214,118.434224
1778539278.918485,rep1_pair12_same_dir0,3.512816,-1.840777,-1.856117,5.384273,-5.599031,0.0,3.451457,-5.798448,3.451457,-139.35036,-2.331948,105.665332
1778539279.465425,rep1_pair12_same_dir0,3.834952,-2.009515,-2.024855,5.890487,-6.105244,0.0,3.773593,-6.320002,3.773593,-146.570894,-2.979979,91.515112
1778539279.995181,rep1_pair12_same_dir0,4.141749,-2.178253,-2.193593,6.350681,-6.596118,0.0,4.080389,-6.841555,4.095729,-152.405337,-3.01924,77.489788
1778539280.531295,rep1_pair12_same_dir0,4.463885,-2.346991,-2.362331,6.826215,-7.102332,0.0,4.433205,-7.347769,4.448545,-157.374636,-2.955482,62.642631
1778539281.072906,rep1_pair12_same_dir0,4.801361,-2.485049,-2.500389,7.363109,-7.623886,0.0,4.709322,-7.838643,4.724661,-161.520276,-2.445676,47.324147
1778539281.614778,rep1_pair12_same_dir0,4.801361,-2.485049,-2.500389,7.823303,-8.145439,-0.01534,4.801361,-8.344857,4.770681,-161.791224,-2.847449,37.74555
1778539293.406404,rep1_pair12_same_dir0_hold,0.0,-0.092039,-0.092039,0.690291,-0.84369,-0.01534,-0.01534,-1.963496,0.0,-22.421131,9.522129,186.231812
1778539293.985635,rep1_pair12_same_dir0_hold,0.0,-0.076699,-0.076699,0.122718,-0.306796,-0.01534,-0.01534,-1.457282,0.0,-14.937262,10.263728,187.133878
1778539294.573168,rep1_pair12_same_dir0_hold,0.0,-0.076699,-0.061359,-0.01534,-0.122718,-0.01534,0.0,-0.951068,-0.01534,-10.035513,10.586072,187.539038
1778539295.164384,rep1_pair12_same_dir60,0.01534,-0.061359,-0.061359,0.03068,-0.107379,-0.046019,-0.01534,-0.398835,-0.046019,-6.583933,10.781012,187.733265
1778539295.72265,rep1_pair12_same_dir60,0.153398,0.092039,-0.398835,0.460194,-0.092039,-0.582913,0.414175,-0.398835,-0.398835,-8.697341,-1.10439,187.999786
1778539296.266046,rep1_pair12_same_dir60,0.276117,0.260777,-0.751651,0.997088,-0.092039,-1.104466,0.966408,-0.736311,-0.736311,-15.497625,-16.001971,186.606868
1778539296.836674,rep1_pair12_same_dir60,0.460194,0.429515,-1.089127,1.518641,-0.092039,-1.687379,1.564661,-1.104466,-1.104466,-23.078444,-30.346138,183.417708
1778539297.389244,rep1_pair12_same_dir60,0.598253,0.598253,-1.457282,2.040195,-0.092039,-2.224272,2.101554,-1.426602,-1.441942,-29.865751,-44.238194,178.667474
1778539297.934861,rep1_pair12_same_dir60,0.766991,0.751651,-1.779418,2.531069,-0.092039,-2.730486,2.623108,-1.794758,-1.779418,-36.564406,-56.966525,172.578262
1778539298.481424,rep1_pair12_same_dir60,0.935728,0.935728,-2.116894,3.037282,-0.092039,-3.22136,3.19068,-2.132234,-2.132234,-43.076082,-68.457924,165.296313
1778539299.018813,rep1_pair12_same_dir60,1.104466,1.089127,-2.45437,3.543496,-0.092039,-3.773593,3.712234,-2.42369,-2.45437,-48.74883,-78.905385,157.226773
1778539299.565564,rep1_pair12_same_dir60,1.273204,1.257864,-2.807185,4.04971,-0.092039,-4.264467,4.249127,-2.791845,-2.684467,-54.139628,-88.131901,148.417652
1778539300.112361,rep1_pair12_same_dir60,1.411263,1.426602,-3.144661,4.509904,-0.092039,-4.755341,4.801361,-3.083302,-3.129321,-58.432251,-96.819111,138.716634
1778539300.655358,rep1_pair12_same_dir60,1.61068,1.61068,-3.482137,5.046797,-0.092039,-5.338254,5.322914,-3.466797,-3.436117,-63.104273,-104.701684,127.810138
1778539301.189078,rep1_pair12_same_dir60,1.779418,1.748738,-3.819613,5.491652,-0.092039,-5.813788,5.813788,-3.773593,-3.742914,-66.602993,-111.016351,117.31234
1778539301.748196,rep1_pair12_same_dir60,1.948156,1.902136,-4.172428,5.967186,-0.092039,-6.350681,6.366021,-4.080389,-4.157089,-69.862371,-117.157985,104.902455
1778539302.290206,rep1_pair12_same_dir60,2.116894,2.086214,-4.509904,6.504079,-0.092039,-6.918254,6.872235,-4.494564,-4.402525,-72.605669,-122.039419,92.178253
1778539302.847487,rep1_pair12_same_dir60,2.254952,2.224272,-4.84738,6.964274,-0.092039,-7.455148,7.424468,-4.755341,-4.86272,-74.394644,-126.023744,79.342985
1778539303.389257,rep1_pair12_same_dir60,2.362331,2.346991,-5.000778,7.516507,-0.092039,-7.976701,7.961361,-4.985438,-4.970098,-75.570626,-128.535721,66.284107
1778539303.935081,rep1_pair12_same_dir60,2.362331,2.346991,-5.000778,8.007381,-0.092039,-8.544274,8.467575,-4.985438,-4.985438,-75.746315,-128.95624,55.566041
1778539304.495487,rep1_pair12_same_dir60,2.362331,2.346991,-5.000778,8.252818,-0.092039,-8.651653,8.973789,-4.985438,-4.985438,-74.822253,-128.983166,47.282101
1778539305.035428,rep1_pair12_same_dir60,2.362331,2.346991,-5.000778,8.252818,-0.092039,-8.651653,9.510682,-4.985438,-4.985438,-73.641424,-128.652119,43.533403
1778539307.673547,rep1_pair12_same_dir60,2.300972,2.300972,-4.632623,8.08408,-0.092039,-8.191459,9.403304,-4.770681,-4.740001,-72.8222,-128.313281,44.639755
1778539308.213679,rep1_pair12_same_dir60,2.132234,2.132234,-4.279807,7.562526,-0.092039,-7.639225,8.86641,-4.402525,-4.402525,-72.117806,-127.417966,58.001202
1778539308.756563,rep1_pair12_same_dir60,1.963496,1.978835,-3.973011,7.025633,-0.092039,-7.071652,8.344857,-4.111069,-4.06505,-71.423234,-125.308188,71.222678
1778539309.315497,rep1_pair12_same_dir60,1.794758,1.794758,-3.589516,6.519419,-0.092039,-6.596118,7.807963,-3.742914,-3.758253,-69.633764,-122.045943,85.227549
1778539309.862856,rep1_pair12_same_dir60,1.62602,1.62602,-3.26738,6.013206,-0.092039,-6.043885,7.27107,-3.451457,-3.436117,-67.382288,-117.521888,98.825909
1778539310.386903,rep1_pair12_same_dir60,1.457282,1.472622,-2.991263,5.522332,-0.092039,-5.506992,6.749516,-3.129321,-3.129321,-64.596091,-112.294466,111.059397
1778539310.935376,rep1_pair12_same_dir60,1.288544,1.288544,-2.638447,5.031458,-0.092039,-5.000778,6.227963,-2.791845,-2.807185,-60.772619,-104.934217,124.180064
1778539311.473728,rep1_pair12_same_dir60,1.119806,1.119806,-2.346991,4.509904,-0.092039,-4.448545,5.706409,-2.485049,-2.45437,-57.148566,-96.779851,135.6273
1778539312.018375,rep1_pair12_same_dir60,0.951068,0.966408,-2.009515,4.00369,-0.092039,-3.942331,5.184856,-2.132234,-2.178253,-51.837814,-87.502192,146.670664
1778539312.56244,rep1_pair12_same_dir60,0.78233,0.78233,-1.656699,3.482137,-0.076699,-3.436117,4.647962,-1.840777,-1.779418,-46.917036,-76.531128,156.785129
1778539313.094065,rep1_pair12_same_dir60,0.613592,0.613592,-1.365243,2.960583,-0.01534,-2.883884,4.111069,-1.503301,-1.533981,-40.520181,-66.138149,165.145548
1778539313.648241,rep1_pair12_same_dir60,0.444854,0.444854,-0.997088,2.45437,-0.01534,-2.362331,3.589516,-1.165826,-1.181165,-33.94249,-53.660881,172.709114
1778539314.214585,rep1_pair12_same_dir60,0.276117,0.276117,-0.659612,1.902136,-0.01534,-1.825437,3.021943,-0.859029,-0.84369,-27.405703,-40.083153,178.898366
1778539314.743843,rep1_pair12_same_dir60,0.092039,0.092039,-0.306796,1.426602,-0.01534,-1.303884,2.500389,-0.521554,-0.552233,-20.509355,-26.7307,183.299007
1778539315.381484,rep1_pair12_same_dir60_hold,0.0,-0.01534,-0.107379,0.81301,-0.01534,-0.705631,1.917476,-0.306796,-0.306796,-13.504719,-13.55854,186.300604
1778539315.961029,rep1_pair12_same_dir60_hold,0.0,0.0,-0.107379,0.245437,-0.01534,-0.184078,1.365243,-0.245437,-0.245437,-8.50852,-4.05391,187.568152
1778539316.539102,rep1_pair12_same_dir60_hold,0.0,0.0,-0.107379,0.01534,-0.01534,-0.138058,0.81301,-0.184078,-0.199418,-4.559468,1.852674,187.993852
1778539317.111491,rep1_pair12_same_dir60_hold,0.0,0.0,-0.107379,0.01534,-0.01534,-0.138058,0.245437,-0.168738,-0.168738,-2.605053,4.663435,188.086607
1778539317.715454,rep1_pair12_same_dir120,-0.168738,0.260777,-0.184078,0.0,0.398835,-0.506214,0.184078,0.168738,-0.536893,5.96335,-0.166237,188.041384
1778539318.248555,rep1_pair12_same_dir120,-0.337476,0.582913,-0.337476,0.0,0.905049,-0.997088,0.521554,0.521554,-1.058447,15.556236,-11.921731,186.843152
1778539318.79016,rep1_pair12_same_dir120,-0.506214,0.905049,-0.506214,0.0,1.411263,-1.564661,0.81301,0.81301,-1.564661,24.174348,-23.766674,184.229839
1778539319.331531,rep1_pair12_same_dir120,-0.659612,1.257864,-0.674952,0.0,1.917476,-2.086214,1.150486,1.150486,-2.070874,33.143428,-35.825825,180.025278
1778539319.871359,rep1_pair12_same_dir120,-0.82835,1.58,-0.84369,0.0,2.43903,-2.561748,1.503301,1.487962,-2.577088,41.680336,-47.445543,174.386166
1778539320.405209,rep1_pair12_same_dir120,-1.012427,1.902136,-1.012427,0.0,2.914564,-3.113981,1.794758,1.825437,-3.098642,50.008394,-57.995628,167.465112
1778539320.953697,rep1_pair12_same_dir120,-1.165826,2.239612,-1.181165,0.0,3.466797,-3.620195,2.147573,2.147573,-3.635535,57.949313,-68.443026,158.983883
1778539321.498946,rep1_pair12_same_dir120,-1.349903,2.546408,-1.334563,0.0,3.988351,-4.111069,2.469709,2.500389,-4.172428,65.262664,-77.764061,149.364477
1778539322.035177,rep1_pair12_same_dir120,-1.503301,2.914564,-1.518641,0.0,4.463885,-4.647962,2.791845,2.822525,-4.693982,71.676035,-86.011081,139.119233
1778539322.589503,rep1_pair12_same_dir120,-1.687379,3.25204,-1.702719,0.0,5.016118,-5.200196,3.129321,3.144661,-5.230875,77.460097,-94.026071,127.097711
1778539323.118863,rep1_pair12_same_dir120,-1.856117,3.558836,-1.856117,0.0,5.553011,-5.64505,3.451457,3.512816,-5.737089,82.945159,-100.240555,114.295294
1778539323.656252,rep1_pair12_same_dir120,-2.024855,3.896312,-2.024855,0.0,6.043885,-6.227963,3.804273,3.804273,-6.273982,86.739678,-105.578498,101.751245
1778539324.2129,rep1_pair12_same_dir120,-2.193593,4.218448,-2.208933,-0.01534,6.596118,-6.734177,4.080389,4.141749,-6.795536,90.347996,-109.827197,87.462648
1778539324.772986,rep1_pair12_same_dir120,-2.362331,4.555924,-2.377671,0.0,7.133012,-7.27107,4.448545,4.509904,-7.347769,92.816087,-112.82754,73.394517
1778539325.315188,rep1_pair12_same_dir120,-2.469709,4.8167,-2.500389,0.0,7.639225,-7.853983,4.709322,4.740001,-7.869323,93.96258,-114.694226,60.319562
1778539325.865735,rep1_pair12_same_dir120,-2.469709,4.83204,-2.500389,-0.01534,8.176119,-8.360196,4.801361,4.786021,-8.406216,93.676376,-115.07573,51.009446
1778539326.840468,rep1_pair12_same_dir120,-2.469709,4.83204,-2.500389,-0.01534,8.252818,-8.651653,4.8167,4.83204,-9.341944,93.191927,-114.732322,46.260135
1778539329.765545,rep1_pair12_same_dir120,-2.300972,4.617283,-2.316311,-0.01534,8.0534,-8.191459,4.617283,4.617283,-9.387964,92.771125,-114.444357,49.398341
1778539330.306434,rep1_pair12_same_dir120,-2.147573,4.279807,-2.147573,-0.01534,7.516507,-7.623886,4.264467,4.264467,-8.88175,91.771761,-113.540789,62.688158
1778539330.855864,rep1_pair12_same_dir120,-1.963496,3.926991,-1.978835,-0.01534,6.964274,-7.056313,3.926991,3.926991,-8.329517,89.657354,-111.396367,77.596651
1778539331.399658,rep1_pair12_same_dir120,-1.810098,3.604855,-1.794758,-0.01534,6.42738,-6.596118,3.604855,3.589516,-7.823303,86.663689,-108.367459,91.798819
1778539331.947245,rep1_pair12_same_dir120,-1.62602,3.26738,-1.64136,-0.01534,5.875147,-6.043885,3.2367,3.2367,-7.27107,82.911835,-103.836844,105.937618
1778539332.498608,rep1_pair12_same_dir120,-1.457282,2.899224,-1.457282,-0.01534,5.353594,-5.476312,2.914564,2.899224,-6.795536,78.210787,-98.21502,119.111609
1778539333.060932,rep1_pair12_same_dir120,-1.273204,2.546408,-1.273204,-0.01534,4.786021,-4.985438,2.546408,2.546408,-6.212623,72.54512,-90.9168,132.442206
1778539333.614974,rep1_pair12_same_dir120,-1.135146,2.208933,-1.119806,-0.01534,4.233788,-4.387186,2.208933,2.208933,-5.69107,66.41802,-82.905086,143.895212
1778539334.169047,rep1_pair12_same_dir120,-1.043107,1.871457,-0.951068,0.0,3.712234,-3.865632,1.856117,1.856117,-5.230875,59.705813,-73.586048,154.416354
1778539334.707033,rep1_pair12_same_dir120,-0.84369,1.533981,-0.81301,-0.01534,3.175341,-3.359418,1.518641,1.518641,-4.663302,52.124821,-64.072304,163.355134
1778539335.253382,rep1_pair12_same_dir120,-0.674952,1.211845,-0.705631,0.0,2.638447,-2.807185,1.181165,1.181165,-4.111069,43.606369,-53.254881,171.372059
1778539335.799582,rep1_pair12_same_dir120,-0.490874,0.859029,-0.552233,0.0,2.132234,-2.270292,0.82835,0.859029,-3.650875,34.796224,-41.752956,177.836545
1778539336.332841,rep1_pair12_same_dir120,-0.352816,0.506214,-0.352816,0.0,1.61068,-1.779418,0.506214,0.521554,-3.083302,25.880526,-29.571711,182.791049
1778539336.873522,rep1_pair12_same_dir120,-0.230097,0.168738,-0.199418,0.0,1.089127,-1.257864,0.168738,0.184078,-2.546408,16.992486,-17.268069,186.111572
1778539337.482478,rep1_pair12_same_dir120_hold,-0.107379,0.0,-0.092039,0.0,0.506214,-0.674952,0.0,0.0,-2.024855,9.018617,-5.322303,187.846598
1778539338.061005,rep1_pair12_same_dir120_hold,-0.107379,0.0,-0.061359,0.0,0.0,-0.153398,0.0,0.0,-1.472622,5.036259,1.528095,188.136763
1778539338.873624,rep1_pair12_same_dir120_hold,-0.107379,0.0,-0.061359,0.0,0.0,-0.107379,-0.01534,0.0,-0.78233,3.373444,4.250952,188.118267
1778539339.494246,rep1_pair12_same_dir180,-0.122718,0.061359,-0.03068,-0.168738,0.153398,-0.092039,-0.138058,0.03068,-0.276117,3.687195,8.309086,187.855021
1778539340.023795,rep1_pair12_same_dir180,-0.475534,0.214757,0.107379,-0.690291,0.613592,-0.092039,-0.475534,0.521554,-0.475534,17.752731,11.912997,186.584924
1778539340.556222,rep1_pair12_same_dir180,-0.79767,0.306796,0.260777,-1.196505,1.104466,-0.092039,-0.81301,1.027767,-0.81301,32.5384,13.461626,184.035728
1778539341.094616,rep1_pair12_same_dir180,-1.135146,0.460194,0.460194,-1.718059,1.62602,-0.092039,-1.150486,1.564661,-1.135146,47.852731,14.347864,179.780062
1778539341.639672,rep1_pair12_same_dir180,-1.472622,0.628932,0.628932,-2.270292,2.116894,-0.092039,-1.487962,2.132234,-1.503301,61.856687,14.262011,174.36185
1778539342.177796,rep1_pair12_same_dir180,-1.810098,0.78233,0.78233,-2.776506,2.623108,-0.092039,-1.825437,2.669127,-1.810098,75.362085,13.836425,167.615237
1778539342.748786,rep1_pair12_same_dir180,-2.162913,0.966408,0.935728,-3.313399,3.175341,-0.092039,-2.178253,3.2367,-2.162913,88.469556,12.992576,159.241712
1778539343.279263,rep1_pair12_same_dir180,-2.469709,1.135146,1.119806,-3.850292,3.650875,-0.092039,-2.500389,3.758253,-2.485049,99.585771,12.22177,150.618766
1778539343.82126,rep1_pair12_same_dir180,-2.837865,1.303884,1.273204,-4.356506,4.172428,-0.092039,-2.853205,4.295147,-2.745826,110.100123,11.642142,140.564263
1778539355.973623,rep1_pair12_same_dir180,-2.086214,1.027767,1.012427,-4.03437,3.988351,-0.092039,-2.270292,5.368934,-2.300972,109.852855,12.692856,137.697454
1778539356.524195,rep1_pair12_same_dir180,-1.810098,0.859029,0.84369,-3.482137,3.451457,-0.076699,-1.963496,4.8167,-1.963496,99.364053,13.046994,148.434123
1778539357.089643,rep1_pair12_same_dir180,-1.457282,0.674952,0.674952,-2.929904,2.929904,-0.076699,-1.656699,4.249127,-1.59534,87.056726,13.692467,158.33911
1778539357.648726,rep1_pair12_same_dir180,-1.119806,0.490874,0.490874,-2.39301,2.362331,-0.076699,-1.273204,3.696894,-1.288544,73.104223,13.191871,167.402541
1778539358.19455,rep1_pair12_same_dir180,-0.78233,0.337476,0.322136,-1.871457,1.840777,-0.03068,-0.981748,3.175341,-0.951068,58.855415,13.348774,174.396166
1778539358.74028,rep1_pair12_same_dir180,-0.429515,0.168738,0.153398,-1.334563,1.303884,-0.03068,-0.644272,2.653787,-0.628932,44.266599,12.951142,179.839022
1778539359.328908,rep1_pair12_same_dir180_hold,-0.122718,0.0,0.0,-0.78233,0.736311,-0.046019,-0.337476,2.070874,-0.337476,28.053942,11.606278,184.136162
1778539359.912851,rep1_pair12_same_dir180_hold,-0.107379,0.0,-0.01534,-0.276117,0.199418,-0.046019,-0.291456,1.503301,-0.260777,17.883814,11.145818,186.191747
1778539360.490186,rep1_pair12_same_dir180_hold,-0.107379,0.0,0.0,-0.153398,0.01534,-0.03068,-0.245437,0.935728,-0.230097,11.312446,10.971623,187.130449
1778539361.074006,rep1_pair12_same_dir180_hold,-0.107379,0.0,-0.01534,-0.153398,0.01534,-0.046019,-0.230097,0.414175,-0.184078,6.918249,11.645157,187.529568
1778539361.657542,rep1_pair12_same_dir240,-0.107379,-0.076699,0.092039,-0.291456,0.0,0.184078,-0.322136,0.107379,0.03068,4.027696,15.303662,187.36296
1778539362.195227,rep1_pair12_same_dir240,-0.260777,-0.245437,0.414175,-0.78233,0.0,0.674952,-0.859029,0.383495,0.352816,9.450524,28.892856,185.197428
1778539362.733069,rep1_pair12_same_dir240,-0.429515,-0.414175,0.751651,-1.303884,0.0,1.196505,-1.380583,0.674952,0.690291,15.446616,42.411583,181.541257
1778539363.261202,rep1_pair12_same_dir240,-0.582913,-0.582913,1.058447,-1.794758,0.0,1.702719,-1.917476,1.012427,1.012427,21.624458,55.183615,176.498846
1778539363.795918,rep1_pair12_same_dir240,-0.751651,-0.751651,1.395923,-2.362331,0.0,2.224272,-2.43903,1.319224,1.365243,27.34308,68.038523,169.923397
1778539364.345968,rep1_pair12_same_dir240,-0.905049,-0.920389,1.733399,-2.868544,0.0,2.761166,-2.945244,1.656699,1.672039,32.886196,79.865343,162.090049
1778539364.886929,rep1_pair12_same_dir240,-1.104466,-1.104466,2.086214,-3.390098,0.0,3.282719,-3.466797,2.009515,2.009515,38.259291,90.985834,152.858553
1778539365.429994,rep1_pair12_same_dir240,-1.257864,-1.257864,2.39301,-3.926991,0.0,3.788933,-4.00369,2.300972,2.362331,42.402952,101.142636,142.813842
1778539365.970693,rep1_pair12_same_dir240,-1.426602,-1.426602,2.745826,-4.417865,0.0,4.310487,-4.525244,2.653787,2.638447,46.993652,109.893116,131.687554
1778539366.50756,rep1_pair12_same_dir240,-1.59534,-1.59534,3.083302,-4.939419,0.0,4.8167,-5.046797,2.975923,3.006603,50.470208,117.784902,119.660728
1778539377.487615,rep1_pair12_same_dir240,-1.211845,-1.288544,2.40835,-4.617283,-0.01534,4.663302,-6.028545,2.39301,2.40835,48.056056,112.137565,127.006488
1778539378.0325,rep1_pair12_same_dir240,-1.119806,-1.119806,2.070874,-4.06505,-0.01534,4.141749,-5.476312,2.055535,2.070874,44.194351,103.250871,138.898664
1778539378.573701,rep1_pair12_same_dir240,-0.966408,-0.951068,1.718059,-3.528156,-0.01534,3.604855,-4.908739,1.718059,1.718059,39.872784,93.620395,149.43483
1778539379.107957,rep1_pair12_same_dir240,-0.79767,-0.79767,1.395923,-2.991263,-0.01534,3.098642,-4.402525,1.380583,1.395923,34.886008,82.916533,158.980063
1778539379.649481,rep1_pair12_same_dir240,-0.613592,-0.628932,1.058447,-2.485049,-0.01534,2.561748,-3.896312,1.058447,1.058447,29.593592,71.149325,167.374323
1778539380.190874,rep1_pair12_same_dir240,-0.475534,-0.460194,0.720971,-1.948156,-0.01534,2.040195,-3.344079,0.705631,0.705631,24.030724,58.915034,174.383413
1778539380.740994,rep1_pair12_same_dir240,-0.306796,-0.291456,0.368155,-1.441942,-0.01534,1.503301,-2.807185,0.383495,0.368155,17.554575,45.147616,180.306177
1778539381.295083,rep1_pair12_same_dir240,-0.153398,-0.107379,0.01534,-0.920389,-0.01534,0.966408,-2.270292,0.03068,0.03068,10.606145,30.509692,184.736877
1778539381.906988,rep1_pair12_same_dir240_hold,-0.107379,-0.092039,-0.01534,-0.368155,-0.01534,0.368155,-1.687379,0.0,0.0,5.678331,22.139921,186.517267
1778539382.722538,rep1_pair12_same_dir240_hold,-0.107379,-0.076699,0.0,-0.122718,-0.01534,0.0,-1.012427,0.0,0.0,3.065577,18.702827,187.042922
1778539383.65447,rep1_pair12_same_dir300,-0.046019,-0.107379,0.046019,-0.107379,-0.184078,0.122718,-0.260777,-0.107379,0.061359,-1.214678,16.69813,187.367494
1778539384.187746,rep1_pair12_same_dir300,0.107379,-0.429515,0.168738,-0.107379,-0.720971,0.582913,-0.475534,-0.460194,0.567573,-10.003388,25.272503,185.979296
1778539384.723836,rep1_pair12_same_dir300,0.276117,-0.78233,0.276117,-0.107379,-1.211845,1.104466,-0.79767,-0.78233,1.089127,-18.679041,36.476148,182.967839
1778539385.257613,rep1_pair12_same_dir300,0.460194,-1.104466,0.475534,-0.107379,-1.733399,1.61068,-1.119806,-1.119806,1.62602,-27.572096,48.38741,178.283163
1778539385.790759,rep1_pair12_same_dir300,0.582913,-1.457282,0.628932,-0.107379,-2.224272,2.116894,-1.441942,-1.441942,2.162913,-34.861428,59.649274,172.510583
1778539386.352702,rep1_pair12_same_dir300,0.751651,-1.794758,0.78233,-0.107379,-2.745826,2.653787,-1.810098,-1.794758,2.684467,-42.197783,70.871585,165.153665
1778539386.90769,rep1_pair12_same_dir300,0.951068,-2.147573,0.935728,-0.107379,-3.298059,3.175341,-2.162913,-2.132234,3.2367,-48.416101,80.869414,157.105278
1778539387.436656,rep1_pair12_same_dir300,1.089127,-2.469709,1.119806,-0.107379,-3.804273,3.666215,-2.485049,-2.377671,3.727574,-53.248665,89.994174,148.555006
1778539387.973954,rep1_pair12_same_dir300,1.242525,-2.807185,1.273204,-0.107379,-4.295147,4.187768,-2.822525,-2.807185,4.233788,-57.561217,98.328407,139.106816
1778539388.513118,rep1_pair12_same_dir300,1.395923,-3.160001,1.441942,-0.107379,-4.786021,4.678642,-3.160001,-3.067962,4.770681,-61.238936,105.938438,128.761756
1778539389.056823,rep1_pair12_same_dir300,1.58,-3.482137,1.61068,-0.107379,-5.276895,5.215535,-3.482137,-3.482137,5.292234,-64.593231,112.576306,117.696156
1778539389.62445,rep1_pair12_same_dir300,1.748738,-3.819613,1.779418,-0.107379,-5.798448,5.721749,-3.850292,-3.773593,5.859807,-67.247888,118.51068,105.673823
1778539390.165815,rep1_pair12_same_dir300,1.902136,-4.172428,1.932816,-0.107379,-6.304662,6.227963,-4.187768,-4.111069,6.366021,-68.990742,123.125977,93.600783
1778539390.699236,rep1_pair12_same_dir300,2.070874,-4.509904,2.116894,-0.107379,-6.795536,6.718837,-4.525244,-4.494564,6.856895,-70.209105,126.634434,81.906311
1778539391.249974,rep1_pair12_same_dir300,2.193593,-4.86272,2.285632,-0.107379,-7.332429,7.24039,-4.86272,-4.740001,7.393788,-71.018407,129.438798,69.269537
1778539391.790651,rep1_pair12_same_dir300,2.254952,-4.985438,2.362331,-0.107379,-7.853983,7.700585,-4.985438,-4.985438,7.915342,-71.336384,130.875011,57.24702
1778539392.345429,rep1_pair12_same_dir300,2.270292,-4.985438,2.377671,-0.107379,-8.344857,8.252818,-4.985438,-4.985438,8.421556,-71.527631,131.149064,44.831791
1778539403.892048,rep1_pair12_same_dir300_hold,0.0,-0.092039,0.0,-0.092039,-0.79767,0.475534,-0.291456,-0.276117,1.856117,-12.068511,34.176842,183.179117
1778539404.469705,rep1_pair12_same_dir300_hold,0.0,-0.092039,0.0,-0.107379,-0.276117,0.0,-0.245437,-0.245437,1.303884,-7.200453,26.542185,185.394567
1778539405.049221,rep1_pair12_same_dir300_hold,0.0,-0.076699,0.0,-0.107379,-0.107379,0.0,-0.230097,-0.168738,0.751651,-3.690993,21.283057,186.585958
1778539405.639822,rep1_pair12_opp_dir0,0.01534,-0.076699,-0.03068,-0.107379,-0.107379,0.0,-0.168738,-0.153398,0.168738,-2.471135,17.796615,187.173115
1778539406.291389,rep1_pair12_opp_dir0,0.306796,-0.214757,-0.230097,-0.107379,-0.107379,-0.01534,-0.168738,-0.153398,0.0,-4.783484,15.295267,187.435002
1778539406.949876,rep1_pair12_opp_dir0,0.659612,-0.429515,-0.429515,-0.107379,-0.107379,0.0,-0.168738,-0.153398,0.0,-8.989949,14.127517,187.32323
1778539407.495108,rep1_pair12_opp_dir0,0.997088,-0.598253,-0.613592,-0.092039,-0.107379,0.0,-0.153398,-0.153398,0.0,-12.554992,13.182437,187.108322
1778539408.275933,rep1_pair12_opp_dir0,1.411263,-0.84369,-0.84369,-0.092039,-0.107379,-0.01534,-0.122718,-0.153398,0.0,-17.127925,12.035021,186.674509
1778539408.816542,rep1_pair12_opp_dir0,1.764078,-0.997088,-1.027767,-0.092039,-0.107379,0.0,-0.107379,-0.153398,0.0,-21.412009,10.890373,186.080161
1778539409.59651,rep1_pair12_opp_dir0,2.178253,-1.242525,-1.257864,-0.076699,-0.107379,0.0,-0.107379,-0.138058,-0.01534,-26.571341,9.319428,185.195792
1778539410.357717,rep1_pair12_opp_dir0,2.638447,-1.487962,-1.503301,-0.076699,-0.107379,0.0,-0.092039,-0.138058,0.0,-32.423431,7.30263,183.933031
1778539411.116451,rep1_pair12_opp_dir0,2.945244,-1.718059,-1.733399,-0.076699,-0.107379,0.0,-0.092039,-0.138058,0.0,-36.632329,5.74596,182.846801
1778539411.782893,rep1_pair12_opp_dir0,3.436117,-1.932816,-1.948156,-0.076699,-0.107379,-0.01534,-0.092039,-0.138058,0.0,-42.658375,3.351493,181.049441
1778539412.553443,rep1_pair12_opp_dir0,3.819613,-2.178253,-2.193593,-0.076699,-0.122718,-0.01534,-0.076699,-0.138058,0.0,-47.276559,1.327362,179.424793
1778539413.095976,rep1_pair12_opp_dir0,4.157089,-2.331651,-2.362331,-0.076699,-0.122718,-0.01534,-0.01534,-0.138058,0.0,-52.041671,-0.84007,177.56274
1778539418.791257,rep1_pair12_opp_dir0,4.187768,-2.101554,-2.116894,-0.076699,-0.122718,-0.01534,0.0,-0.138058,0.0,-54.206741,-1.690881,176.642493
1778539419.462792,rep1_pair12_opp_dir0,3.788933,-1.886797,-1.902136,-0.076699,-0.122718,-0.01534,0.0,-0.138058,0.0,-49.925974,0.026213,178.496946
1778539420.007613,rep1_pair12_opp_dir0,3.436117,-1.718059,-1.733399,-0.076699,-0.122718,-0.01534,-0.01534,-0.138058,0.0,-45.977042,1.578092,180.113912
1778539420.545291,rep1_pair12_opp_dir0,3.098642,-1.549321,-1.564661,-0.076699,-0.122718,-0.01534,0.0,-0.138058,0.0,-41.976079,2.987626,181.554485
1778539421.092115,rep1_pair12_opp_dir0,2.761166,-1.380583,-1.395923,-0.076699,-0.122718,-0.01534,0.0,-0.153398,0.0,-37.980685,4.309906,182.838339
1778539421.629618,rep1_pair12_opp_dir0,2.42369,-1.211845,-1.227185,-0.076699,-0.107379,-0.01534,-0.01534,-0.153398,-0.01534,-33.818079,5.54291,183.991816
1778539422.174183,rep1_pair12_opp_dir0,2.101554,-1.043107,-1.058447,-0.076699,-0.107379,-0.01534,-0.01534,-0.138058,0.0,-29.675313,6.568192,184.991448
1778539422.713974,rep1_pair12_opp_dir0,1.764078,-0.874369,-0.905049,-0.076699,-0.107379,-0.01534,-0.01534,-0.138058,-0.01534,-25.445847,7.505921,185.797637
1778539423.255441,rep1_pair12_opp_dir0,1.426602,-0.720971,-0.751651,-0.076699,-0.107379,0.0,-0.01534,-0.138058,0.0,-21.624518,8.229237,186.439687
1778539423.791426,rep1_pair12_opp_dir0,1.089127,-0.598253,-0.613592,-0.092039,-0.092039,-0.01534,-0.01534,-0.153398,-0.01534,-18.191527,9.001304,186.889212
1778539424.456505,rep1_pair12_opp_dir0,0.674952,-0.429515,-0.429515,-0.092039,-0.092039,-0.01534,-0.01534,-0.138058,-0.01534,-14.242672,9.800897,187.281867
1778539425.108045,rep1_pair12_opp_dir0,0.260777,-0.214757,-0.230097,-0.092039,-0.092039,-0.01534,-0.01534,-0.138058,-0.01534,-10.838526,10.21762,187.541531
1778539426.241649,rep1_pair12_opp_dir0_hold,0.0,-0.076699,-0.092039,-0.092039,-0.092039,0.0,-0.01534,-0.138058,0.0,-7.569613,10.852825,187.658577
1778539428.730686,rep1_pair12_opp_dir60,0.291456,0.199418,-0.659612,-0.092039,-0.092039,-0.01534,-0.01534,-0.138058,-0.01534,-7.541503,7.451072,187.733899
1778539429.825236,rep1_pair12_opp_dir60,0.506214,0.521554,-1.334563,-0.046019,-0.092039,-0.01534,-0.01534,-0.138058,-0.01534,-8.541884,4.227594,187.688525
1778539430.730771,rep1_pair12_opp_dir60,0.751651,0.751651,-1.917476,-0.01534,-0.092039,-0.01534,-0.01534,-0.138058,0.0,-10.077468,0.970748,187.500442
1778539431.513394,rep1_pair12_opp_dir60,0.981748,0.981748,-2.40835,0.0,-0.076699,-0.01534,-0.01534,-0.138058,-0.01534,-11.833781,-2.475393,187.18783
1778539432.399839,rep1_pair12_opp_dir60,1.196505,1.242525,-2.945244,0.0,-0.076699,-0.01534,-0.01534,-0.138058,-0.01534,-13.359447,-6.556812,186.765273
1778539433.273099,rep1_pair12_opp_dir60,1.441942,1.472622,-3.497477,0.0,-0.076699,-0.01534,-0.01534,-0.138058,-0.01534,-15.355557,-10.707165,186.139734
1778539433.925166,rep1_pair12_opp_dir60,1.64136,1.672039,-3.896312,0.0,-0.046019,-0.01534,0.0,-0.138058,0.0,-16.780089,-13.989536,185.538357
1778539434.696583,rep1_pair12_opp_dir60,1.871457,1.871457,-4.387186,0.0,-0.03068,-0.01534,0.0,-0.138058,0.0,-18.972059,-18.133593,184.617005
1778539435.450179,rep1_pair12_opp_dir60,2.024855,2.101554,-4.87806,0.0,-0.01534,-0.01534,0.0,-0.138058,0.0,-20.231992,-22.019871,183.745901
1778539441.483964,rep1_pair12_opp_dir60,1.917476,1.932816,-3.880972,0.0,-0.01534,-0.01534,0.0,-0.138058,0.0,-19.968725,-22.413661,183.768432
1778539442.24219,rep1_pair12_opp_dir60,1.687379,1.687379,-3.390098,0.0,-0.01534,-0.01534,0.0,-0.138058,0.0,-17.847917,-18.942652,184.761975
1778539442.900083,rep1_pair12_opp_dir60,1.472622,1.487962,-2.975923,0.0,-0.01534,-0.01534,0.0,-0.138058,0.0,-15.967841,-15.81304,185.563878
1778539443.550011,rep1_pair12_opp_dir60,1.288544,1.273204,-2.577088,0.0,-0.01534,-0.01534,0.0,-0.138058,-0.01534,-13.945599,-12.375997,186.290952
1778539444.191492,rep1_pair12_opp_dir60,1.073787,1.073787,-2.178253,0.0,-0.01534,-0.01534,-0.01534,-0.138058,-0.01534,-12.269658,-9.355582,186.789568
1778539445.074902,rep1_pair12_opp_dir60,0.79767,0.81301,-1.61068,-0.01534,-0.01534,-0.01534,-0.01534,-0.138058,0.0,-9.995688,-5.422589,187.351646
1778539445.940997,rep1_pair12_opp_dir60,0.536893,0.536893,-1.089127,-0.01534,-0.01534,-0.01534,-0.01534,-0.138058,-0.01534,-8.077207,-2.215015,187.670678
1778539446.696157,rep1_pair12_opp_dir60,0.291456,0.306796,-0.720971,-0.01534,-0.01534,-0.01534,-0.01534,-0.138058,-0.01534,-6.233678,0.928486,187.871704
1778539447.342216,rep1_pair12_opp_dir60,0.092039,0.092039,-0.306796,-0.01534,-0.01534,-0.01534,-0.01534,-0.138058,0.0,-4.540581,4.121363,187.949227
1778539450.191751,rep1_pair12_opp_dir120,-0.107379,0.214757,-0.122718,-0.01534,-0.01534,-0.01534,-0.01534,-0.138058,-0.01534,-2.336009,6.23898,187.915028
1778539451.258594,rep1_pair12_opp_dir120,-0.460194,0.766991,-0.460194,-0.01534,-0.01534,-0.01534,-0.01534,-0.138058,-0.01534,-0.343906,3.146975,187.852032
1778539451.900419,rep1_pair12_opp_dir120,-0.644272,1.165826,-0.659612,-0.01534,-0.01534,-0.01534,-0.01534,-0.138058,-0.01534,1.863394,0.898831,187.741796
1778539452.542159,rep1_pair12_opp_dir120,-0.84369,1.518641,-0.859029,-0.01534,0.0,-0.01534,-0.01534,-0.138058,0.0,4.649623,-1.736177,187.448186
1778539453.197244,rep1_pair12_opp_dir120,-1.058447,1.902136,-1.058447,-0.01534,0.0,-0.01534,-0.01534,-0.138058,-0.01534,7.8459,-4.619029,187.054335
1778539453.737389,rep1_pair12_opp_dir120,-1.227185,2.193593,-1.242525,-0.01534,0.0,-0.01534,-0.01534,-0.138058,-0.01534,10.688434,-7.186557,186.572083
1778539454.390078,rep1_pair12_opp_dir120,-1.426602,2.515729,-1.441942,-0.01534,0.0,-0.01534,-0.01534,-0.138058,0.0,13.645839,-9.801014,185.980653
1778539454.950617,rep1_pair12_opp_dir120,-1.61068,2.914564,-1.61068,-0.01534,0.01534,-0.01534,-0.01534,-0.107379,0.0,17.586504,-12.995937,185.050383
1778539455.609102,rep1_pair12_opp_dir120,-1.810098,3.26738,-1.825437,-0.01534,0.0,-0.01534,-0.01534,-0.107379,-0.01534,20.877705,-16.025029,184.023994
1778539456.267444,rep1_pair12_opp_dir120,-2.009515,3.666215,-2.024855,-0.01534,0.0,-0.01534,-0.01534,-0.107379,-0.01534,24.826773,-19.513577,182.644467
1778539456.941656,rep1_pair12_opp_dir120,-2.224272,4.04971,-2.239612,-0.01534,0.0,-0.01534,0.0,-0.092039,0.0,28.373845,-22.659949,181.253942
1778539457.720638,rep1_pair12_opp_dir120,-2.43903,4.479225,-2.500389,-0.01534,0.0,-0.01534,0.0,-0.092039,0.0,32.216469,-26.107736,179.479853
1778539462.984592,rep1_pair12_opp_dir120,-2.116894,4.218448,-2.132234,-0.01534,0.0,-0.01534,0.0,-0.061359,0.0,31.806249,-26.118149,179.678641
1778539463.634937,rep1_pair12_opp_dir120,-1.917476,3.834952,-1.917476,-0.01534,0.01534,-0.01534,0.0,-0.061359,0.0,28.272064,-23.292587,181.310576
1778539464.201331,rep1_pair12_opp_dir120,-1.733399,3.482137,-1.748738,-0.01534,0.0,-0.01534,0.0,-0.061359,-0.01534,24.783149,-20.474979,182.718008
1778539464.746113,rep1_pair12_opp_dir120,-1.564661,3.113981,-1.564661,-0.01534,0.0,-0.01534,-0.01534,-0.061359,0.0,21.357735,-17.638386,183.973495
1778539465.50873,rep1_pair12_opp_dir120,-1.319224,2.653787,-1.334563,-0.01534,0.0,-0.01534,-0.01534,-0.061359,0.0,17.313861,-14.21428,185.254968
1778539466.058064,rep1_pair12_opp_dir120,-1.165826,2.331651,-1.165826,-0.01534,0.0,-0.01534,-0.01534,-0.061359,-0.01534,14.370255,-11.662642,186.032477
1778539466.618675,rep1_pair12_opp_dir120,-1.027767,1.963496,-0.997088,-0.01534,0.0,-0.01534,-0.01534,-0.061359,-0.01534,11.542874,-9.009293,186.678014
1778539467.37566,rep1_pair12_opp_dir120,-0.751651,1.487962,-0.766991,-0.01534,0.0,-0.01534,-0.01534,-0.061359,-0.01534,8.671122,-5.777727,187.239047
1778539468.239238,rep1_pair12_opp_dir120,-0.475534,0.966408,-0.552233,-0.01534,-0.01534,-0.01534,-0.01534,-0.061359,-0.01534,6.021216,-2.436968,187.679759
1778539469.233898,rep1_pair12_opp_dir120,-0.245437,0.337476,-0.276117,-0.01534,-0.01534,-0.01534,-0.01534,-0.061359,-0.01534,3.678229,1.048767,187.906901
1778539472.158688,rep1_pair12_opp_dir180,-0.184078,0.092039,-0.046019,-0.01534,-0.01534,-0.01534,-0.01534,-0.061359,-0.01534,2.064248,4.030179,187.996449
1778539473.341603,rep1_pair12_opp_dir180,-0.859029,0.352816,0.276117,-0.01534,-0.01534,-0.01534,-0.01534,-0.061359,-0.01534,5.384504,6.104931,187.806079
1778539474.426471,rep1_pair12_opp_dir180,-1.58,0.644272,0.613592,-0.01534,0.0,0.0,-0.01534,-0.061359,-0.01534,8.546657,7.703619,187.536532
1778539475.508442,rep1_pair12_opp_dir180,-2.270292,0.935728,0.905049,-0.01534,0.0,0.0,-0.01534,-0.061359,-0.01534,12.091554,8.733479,187.130962
1778539476.158631,rep1_pair12_opp_dir180,-2.623108,1.150486,1.104466,-0.01534,0.0,0.0,-0.01534,-0.061359,-0.01534,15.151821,9.257264,186.705744
1778539476.905339,rep1_pair12_opp_dir180,-3.129321,1.349903,1.319224,-0.03068,0.0,0.0,-0.01534,-0.061359,0.0,18.648916,9.632154,186.197728
1778539477.78004,rep1_pair12_opp_dir180,-3.696894,1.58,1.549321,-0.03068,0.0,0.0,-0.01534,-0.061359,0.0,22.904034,10.099552,185.388158
1778539478.525864,rep1_pair12_opp_dir180,-4.095729,1.748738,1.764078,-0.03068,0.0,0.0,-0.01534,-0.061359,-0.01534,26.309742,10.64278,184.672892
1778539479.398309,rep1_pair12_opp_dir180,-4.678642,1.994175,1.994175,-0.03068,0.0,0.0,-0.01534,-0.046019,-0.01534,30.832716,11.032538,183.577529
1778539480.692286,rep1_pair12_opp_dir180,-4.86272,2.162913,2.116894,-0.03068,0.0,0.0,-0.01534,-0.046019,0.0,34.247969,10.866219,182.712105
1778539486.109713,rep1_pair12_opp_dir180,-3.604855,1.794758,1.779418,-0.03068,0.0,0.0,-0.01534,-0.061359,0.0,30.408869,11.347065,183.727163
1778539486.766808,rep1_pair12_opp_dir180,-3.25204,1.58,1.564661,-0.03068,0.0,0.0,-0.01534,-0.061359,0.0,26.743022,11.400676,184.603764
1778539487.634632,rep1_pair12_opp_dir180,-2.715146,1.319224,1.288544,-0.03068,0.0,0.0,-0.01534,-0.061359,-0.01534,22.471811,11.18936,185.542133
1778539488.418706,rep1_pair12_opp_dir180,-2.147573,1.073787,1.058447,-0.03068,0.0,0.0,-0.01534,-0.061359,-0.01534,18.721451,10.996301,186.232497
1778539489.184521,rep1_pair12_opp_dir180,-1.672039,0.82835,0.81301,-0.03068,-0.01534,0.0,-0.01534,-0.061359,-0.01534,15.642267,10.897096,186.711248
1778539490.25988,rep1_pair12_opp_dir180,-1.043107,0.506214,0.490874,-0.03068,-0.01534,0.0,-0.01534,-0.061359,-0.01534,12.029135,10.278492,187.175724
1778539491.00485,rep1_pair12_opp_dir180,-0.613592,0.276117,0.260777,-0.03068,0.0,0.0,-0.01534,-0.061359,-0.01534,8.93353,9.975303,187.481341
1778539491.648981,rep1_pair12_opp_dir180,-0.260777,0.061359,0.061359,-0.03068,-0.01534,0.0,-0.01534,-0.061359,-0.01534,5.594101,9.523603,187.710612
1778539494.921087,rep1_pair12_opp_dir240,-0.291456,-0.291456,0.475534,-0.03068,-0.01534,0.0,-0.01534,-0.061359,-0.01534,4.600099,11.690223,187.664266
1778539495.799891,rep1_pair12_opp_dir240,-0.567573,-0.567573,0.966408,-0.03068,-0.01534,0.0,-0.046019,-0.061359,-0.01534,5.943799,15.59707,187.282495
1778539496.342215,rep1_pair12_opp_dir240,-0.720971,-0.736311,1.319224,-0.03068,-0.01534,0.0,-0.01534,-0.061359,0.0,6.702638,18.477825,186.915635
1778539496.997363,rep1_pair12_opp_dir240,-0.905049,-0.935728,1.687379,-0.03068,-0.01534,0.0,-0.01534,-0.061359,0.0,7.535307,21.846945,186.377519
1778539497.66515,rep1_pair12_opp_dir240,-1.150486,-1.150486,2.070874,-0.03068,-0.01534,0.0,-0.01534,-0.061359,-0.01534,8.539139,25.524991,185.676309
1778539498.408145,rep1_pair12_opp_dir240,-1.380583,-1.380583,2.469709,-0.03068,-0.01534,0.0,-0.01534,-0.061359,0.0,9.391943,29.770701,184.755829
1778539498.946742,rep1_pair12_opp_dir240,-1.549321,-1.549321,2.807185,-0.03068,-0.01534,0.0,-0.01534,-0.061359,-0.01534,10.130185,33.718421,183.789063
1778539499.692818,rep1_pair12_opp_dir240,-1.779418,-1.779418,3.22136,-0.03068,-0.01534,0.01534,-0.01534,-0.061359,0.0,11.104997,38.364773,182.492598
1778539500.322542,rep1_pair12_opp_dir240,-1.978835,-1.978835,3.589516,-0.03068,-0.01534,0.01534,-0.01534,-0.061359,0.0,12.015314,42.749388,181.092381
1778539500.864187,rep1_pair12_opp_dir240,-2.147573,-2.147573,3.880972,-0.03068,-0.01534,0.01534,-0.01534,-0.061359,0.0,12.817779,46.571713,179.783624
1778539501.509222,rep1_pair12_opp_dir240,-2.346991,-2.346991,4.249127,-0.046019,-0.01534,0.01534,-0.01534,-0.061359,0.0,13.578959,50.606434,178.220212
1778539503.256094,rep1_pair12_opp_dir240,-2.469709,-2.485049,4.525244,-0.046019,-0.01534,0.0,-0.01534,-0.061359,0.0,14.160999,54.463044,176.697715
1778539507.501008,rep1_pair12_opp_dir240,-2.009515,-1.994175,3.988351,-0.046019,-0.01534,0.0,-0.01534,-0.061359,0.0,13.146309,51.138162,178.273709
1778539508.163759,rep1_pair12_opp_dir240,-1.810098,-1.794758,3.589516,-0.046019,-0.01534,0.0,-0.01534,-0.061359,0.0,11.777464,47.533962,179.884261
1778539508.810009,rep1_pair12_opp_dir240,-1.59534,-1.59534,3.175341,-0.046019,-0.01534,0.0,-0.01534,-0.061359,-0.01534,10.207566,43.567993,181.460084
1778539509.451086,rep1_pair12_opp_dir240,-1.395923,-1.380583,2.776506,-0.046019,-0.01534,0.0,-0.01534,-0.061359,0.0,8.632343,39.3673,182.898888
1778539509.987839,rep1_pair12_opp_dir240,-1.227185,-1.227185,2.43903,-0.03068,-0.01534,0.01534,-0.01534,-0.061359,-0.01534,7.472697,36.346329,183.82014
1778539510.534242,rep1_pair12_opp_dir240,-1.073787,-1.043107,2.101554,-0.03068,-0.01534,0.0,-0.01534,-0.061359,-0.01534,6.404397,32.82942,184.736829
1778539511.184935,rep1_pair12_opp_dir240,-0.859029,-0.859029,1.702719,-0.03068,-0.01534,0.0,-0.01534,-0.061359,-0.01534,5.256271,29.33949,185.52082
1778539511.95494,rep1_pair12_opp_dir240,-0.613592,-0.628932,1.227185,-0.03068,-0.01534,0.0,-0.01534,-0.061359,-0.01534,4.267873,25.610335,186.241327
1778539512.826724,rep1_pair12_opp_dir240,-0.337476,-0.429515,0.674952,-0.03068,-0.01534,0.0,-0.046019,-0.061359,-0.01534,2.752376,21.802749,186.800553
1778539513.809064,rep1_pair12_opp_dir240,-0.153398,-0.153398,0.061359,-0.03068,-0.01534,0.0,-0.01534,-0.061359,-0.01534,1.755117,17.626611,187.246769
1778539516.808774,rep1_pair12_opp_dir300,0.076699,-0.444854,0.199418,-0.03068,-0.01534,0.0,-0.01534,-0.061359,-0.01534,-0.628526,17.591362,187.288302
1778539517.675708,rep1_pair12_opp_dir300,0.352816,-0.981748,0.429515,-0.03068,-0.01534,-0.01534,-0.01534,-0.061359,-0.01534,-4.103922,19.758307,187.020569
1778539518.751747,rep1_pair12_opp_dir300,0.613592,-1.656699,0.690291,-0.03068,-0.01534,0.0,-0.01534,-0.061359,-0.01534,-6.866219,22.238141,186.591684
1778539519.618171,rep1_pair12_opp_dir300,0.859029,-2.224272,0.905049,-0.03068,-0.01534,0.0,-0.01534,-0.061359,-0.01534,-9.234233,24.681489,186.099085
1778539520.601992,rep1_pair12_opp_dir300,1.104466,-2.807185,1.196505,-0.03068,-0.01534,0.0,-0.01534,-0.061359,-0.01534,-11.80538,27.937353,185.308877
1778539521.459784,rep1_pair12_opp_dir300,1.365243,-3.359418,1.411263,-0.03068,-0.01534,0.0,-0.01534,-0.061359,0.0,-14.159295,30.689737,184.532972
1778539522.105392,rep1_pair12_opp_dir300,1.564661,-3.742914,1.58,-0.01534,-0.01534,0.0,-0.01534,-0.061359,0.0,-16.466201,33.460238,183.644829
1778539522.988777,rep1_pair12_opp_dir300,1.825437,-4.310487,1.810098,-0.01534,-0.01534,0.0,-0.01534,-0.061359,0.0,-19.369522,36.994892,182.385469
1778539523.859738,rep1_pair12_opp_dir300,2.024855,-4.84738,2.055535,-0.03068,-0.01534,0.0,-0.01534,-0.061359,0.0,-21.761471,40.627704,181.074365
1778539529.636801,rep1_pair12_opp_dir300,1.978835,-4.01903,1.978835,-0.03068,-0.01534,0.0,-0.01534,-0.061359,0.0,-22.577056,41.480394,180.721904
1778539530.402286,rep1_pair12_opp_dir300,1.764078,-3.512816,1.733399,-0.03068,-0.01534,0.0,-0.01534,-0.061359,0.0,-20.619497,38.643806,181.8802
1778539531.063668,rep1_pair12_opp_dir300,1.549321,-3.098642,1.533981,-0.03068,-0.01534,0.0,-0.01534,-0.061359,0.0,-18.562905,35.612998,182.983972
1778539531.618993,rep1_pair12_opp_dir300,1.380583,-2.761166,1.380583,-0.01534,-0.01534,0.0,-0.01534,-0.061359,0.0,-16.557733,33.047982,183.882654
1778539532.475988,rep1_pair12_opp_dir300,1.104466,-2.224272,1.104466,-0.03068,-0.01534,0.0,-0.01534,-0.061359,-0.01534,-13.843043,29.174643,184.999754
1778539533.451552,rep1_pair12_opp_dir300,0.81301,-1.61068,0.81301,-0.03068,-0.01534,0.0,-0.01534,-0.061359,-0.01534,-11.086244,26.016011,185.810942
1778539534.451319,rep1_pair12_opp_dir300,0.490874,-0.981748,0.490874,-0.03068,-0.01534,0.0,-0.01534,-0.061359,-0.01534,-8.151659,22.911907,186.518188
1778539535.435745,rep1_pair12_opp_dir300,0.184078,-0.475534,0.184078,-0.03068,-0.01534,0.0,-0.01534,-0.061359,-0.01534,-4.95963,19.974604,187.009428
1778539536.138673,rep1_pair12_opp_dir300_hold,0.0,-0.092039,0.0,-0.03068,-0.01534,0.0,-0.01534,-0.061359,-0.01534,-1.409289,17.21098,187.303477
1778539538.802054,rep1_pair13_same_dir0,0.276117,-0.184078,-0.184078,0.230097,-0.337476,0.0,0.214757,-0.613592,0.199418,-11.977391,15.363765,187.018549
1778539539.351985,rep1_pair13_same_dir0,0.598253,-0.368155,-0.368155,0.506214,-0.644272,0.0,0.536893,-1.165826,0.567573,-25.377056,13.763579,185.528411
1778539539.893247,rep1_pair13_same_dir0,0.951068,-0.521554,-0.536893,0.82835,-0.920389,0.0,0.859029,-1.687379,0.905049,-38.116547,12.226886,183.00384
1778539540.435189,rep1_pair13_same_dir0,1.273204,-0.690291,-0.705631,1.135146,-1.227185,0.0,1.196505,-2.224272,1.165826,-51.241474,10.30748,179.236099
1778539540.986941,rep1_pair13_same_dir0,1.59534,-0.859029,-0.874369,1.426602,-1.518641,0.0,1.549321,-2.761166,1.549321,-64.185766,9.050316,174.157981
1778539541.526055,rep1_pair13_same_dir0,1.948156,-1.043107,-1.058447,1.764078,-1.810098,0.0,1.856117,-3.26738,1.871457,-75.991335,7.661217,168.374737
1778539542.064679,rep1_pair13_same_dir0,2.239612,-1.211845,-1.227185,2.101554,-2.101554,0.0,2.178253,-3.773593,2.178253,-87.78794,6.067298,161.264242
1778539542.609065,rep1_pair13_same_dir0,2.561748,-1.365243,-1.395923,2.377671,-2.39301,0.0,2.469709,-4.279807,2.546408,-98.668481,5.273169,153.355286
1778539543.154995,rep1_pair13_same_dir0,2.883884,-1.549321,-1.564661,2.684467,-2.699807,0.0,2.853205,-4.786021,2.853205,-109.368334,3.675256,144.195229
1778539543.693035,rep1_pair13_same_dir0,3.22136,-1.718059,-1.733399,2.914564,-2.975923,0.0,3.19068,-5.338254,3.175341,-118.769884,2.447145,134.599541
1778539544.239426,rep1_pair13_same_dir0,3.543496,-1.886797,-1.902136,3.20602,-3.298059,0.0,3.482137,-5.875147,3.528156,-127.763344,1.987803,123.814525
1778539544.785371,rep1_pair13_same_dir0,3.804273,-2.055535,-2.070874,3.589516,-3.589516,0.0,3.865632,-6.381361,3.850292,-135.668557,0.886898,112.634361
1778539545.33521,rep1_pair13_same_dir0,4.187768,-2.224272,-2.239612,3.773593,-3.865632,0.0,4.157089,-6.933594,4.187768,-143.383329,0.581344,100.530945
1778539545.885167,rep1_pair13_same_dir0,4.509904,-2.40835,-2.40835,4.141749,-4.172428,0.0,4.494564,-7.455148,4.540584,-150.550415,0.3891,87.295663
1778539546.535526,rep1_pair13_same_dir0,4.693982,-2.485049,-2.500389,4.325826,-4.325826,0.0,4.693982,-8.03806,4.709322,-154.753659,0.162685,77.783226
1778539550.885053,rep1_pair13_same_dir0,4.525244,-2.270292,-2.270292,4.00369,-4.080389,0.0,4.540584,-9.357284,4.540584,-152.982248,-0.020016,81.730337
1778539551.468535,rep1_pair13_same_dir0,4.172428,-2.086214,-2.086214,3.620195,-3.819613,-0.01534,4.157089,-8.820391,4.172428,-146.429328,0.156041,94.791447
1778539552.052298,rep1_pair13_same_dir0,3.819613,-1.902136,-1.917476,3.328739,-3.451457,-0.01534,3.788933,-8.237478,3.804273,-138.132875,0.064507,108.73824
1778539552.642806,rep1_pair13_same_dir0,3.436117,-1.718059,-1.733399,3.083302,-3.129321,-0.01534,3.420778,-7.715924,3.436117,-129.258999,0.763173,121.394423
1778539553.205166,rep1_pair13_same_dir0,3.083302,-1.533981,-1.549321,2.669127,-2.822525,0.0,3.083302,-7.225051,3.083302,-119.848697,1.307541,133.004722
1778539553.818553,rep1_pair13_same_dir0,2.715146,-1.349903,-1.365243,2.346991,-2.500389,-0.01534,2.684467,-6.611458,2.699807,-108.625891,2.472069,144.456688
1778539554.39245,rep1_pair13_same_dir0,2.346991,-1.165826,-1.181165,2.040195,-2.178253,0.0,2.346991,-6.028545,2.346991,-97.185236,3.601134,154.298009
1778539554.938696,rep1_pair13_same_dir0,1.994175,-0.997088,-1.012427,1.748738,-1.886797,0.0,1.978835,-5.568351,1.994175,-85.166697,4.996111,162.765491
1778539555.5416,rep1_pair13_same_dir0,1.62602,-0.82835,-0.82835,1.457282,-1.518641,-0.01534,1.62602,-4.970098,1.64136,-72.133945,6.297119,170.280985
1778539556.119459,rep1_pair13_same_dir0,1.242525,-0.659612,-0.751651,1.089127,-1.227185,-0.01534,1.273204,-4.325826,1.273204,-58.752423,7.36142,176.408914
1778539556.677003,rep1_pair13_same_dir0,0.920389,-0.521554,-0.552233,0.79767,-0.920389,-0.01534,0.920389,-3.850292,0.935728,-46.097421,8.702126,180.883727
1778539557.281029,rep1_pair13_same_dir0,0.536893,-0.352816,-0.337476,0.460194,-0.613592,-0.01534,0.536893,-3.282719,0.552233,-31.656113,10.342266,184.52459
1778539557.851736,rep1_pair13_same_dir0,0.184078,-0.184078,-0.168738,0.153398,-0.291456,-0.01534,0.184078,-2.699807,0.199418,-18.848558,11.431995,186.594894
1778539559.416103,rep1_pair13_same_dir0_hold,0.01534,-0.076699,-0.061359,0.0,-0.107379,0.0,-0.01534,-1.227185,0.0,-10.046407,11.955784,187.4118
1778539560.406774,rep1_pair13_same_dir60,0.046019,-0.01534,-0.122718,0.046019,-0.092039,-0.122718,0.061359,-0.337476,-0.138058,-5.45581,10.445128,187.783947
1778539560.994,rep1_pair13_same_dir60,0.245437,0.153398,-0.506214,0.322136,-0.092039,-0.429515,0.613592,-0.506214,-0.506214,-8.943515,-1.068766,187.970265
1778539561.593012,rep1_pair13_same_dir60,0.398835,0.322136,-0.874369,0.613592,-0.092039,-0.736311,1.196505,-0.859029,-0.874369,-15.411109,-13.212278,186.850623
1778539562.176596,rep1_pair13_same_dir60,0.521554,0.490874,-1.227185,0.951068,-0.092039,-1.073787,1.764078,-1.242525,-1.227185,-21.628155,-24.939311,184.52008
1778539562.726184,rep1_pair13_same_dir60,0.659612,0.644272,-1.59534,1.257864,-0.092039,-1.365243,2.285632,-1.564661,-1.58,-27.095897,-35.142866,181.477982
1778539563.297499,rep1_pair13_same_dir60,0.82835,0.81301,-1.932816,1.58,-0.092039,-1.672039,2.837865,-1.932816,-1.856117,-33.269679,-45.295032,177.329277
1778539563.918893,rep1_pair13_same_dir60,1.012427,1.027767,-2.316311,1.932816,-0.092039,-2.009515,3.436117,-2.270292,-2.331651,-38.879475,-56.524417,171.776775
1778539564.536049,rep1_pair13_same_dir60,1.196505,1.196505,-2.715146,2.239612,-0.076699,-2.346991,4.04971,-2.699807,-2.577088,-44.591887,-66.482212,165.374052
1778539565.119353,rep1_pair13_same_dir60,1.349903,1.380583,-3.067962,2.592428,-0.076699,-2.653787,4.617283,-3.021943,-3.052622,-48.560783,-76.314302,158.322176
1778539565.710678,rep1_pair13_same_dir60,1.518641,1.533981,-3.466797,2.853205,0.0,-2.975923,5.169516,-3.405438,-3.390098,-51.53259,-85.206641,151.062203
1778539566.297914,rep1_pair13_same_dir60,1.702719,1.718059,-3.819613,3.20602,0.0,-3.298059,5.721749,-3.758253,-3.773593,-55.633665,-93.917856,142.11759
1778539566.910579,rep1_pair13_same_dir60,1.917476,1.902136,-4.203108,3.574176,0.0,-3.620195,6.320002,-4.126409,-4.172428,-59.587947,-101.7486,132.291723
1778539567.525575,rep1_pair13_same_dir60,2.070874,2.086214,-4.571263,3.865632,0.0,-3.957671,6.887575,-4.509904,-4.525244,-62.414117,-108.849081,122.174576
1778539568.092151,rep1_pair13_same_dir60,2.239612,2.239612,-4.939419,4.233788,0.0,-4.264467,7.409128,-4.83204,-4.939419,-64.971194,-114.426022,112.393535
1778539568.651722,rep1_pair13_same_dir60,2.254952,2.285632,-5.000778,4.325826,0.0,-4.341166,7.961361,-4.985438,-4.985438,-66.378552,-117.122169,105.36915
1778539569.256367,rep1_pair13_same_dir60,2.254952,2.300972,-5.000778,4.325826,0.0,-4.341166,8.513595,-4.985438,-4.985438,-67.388671,-118.205707,99.659152
1778539569.836013,rep1_pair13_same_dir60,2.254952,2.300972,-5.000778,4.325826,0.0,-4.341166,8.989129,-4.985438,-4.985438,-68.224933,-118.851627,94.536722
1778539570.422655,rep1_pair13_same_dir60,2.254952,2.300972,-5.000778,4.325826,-0.01534,-4.341166,9.587381,-4.985438,-5.000778,-68.945272,-119.264551,88.602098
1778539573.026361,rep1_pair13_same_dir60,2.239612,2.224272,-4.479225,3.957671,-0.01534,-4.03437,9.157867,-4.525244,-4.555924,-68.113885,-117.894746,94.017627
1778539573.626716,rep1_pair13_same_dir60,2.040195,2.040195,-4.095729,3.543496,-0.01534,-3.712234,8.574954,-4.218448,-4.187768,-66.040846,-113.435696,105.283363
1778539574.202374,rep1_pair13_same_dir60,1.871457,1.871457,-3.742914,3.282719,-0.01534,-3.436117,8.007381,-3.850292,-3.865632,-63.192727,-108.554915,115.872967
1778539574.793567,rep1_pair13_same_dir60,1.672039,1.687379,-3.374758,2.975923,-0.01534,-3.098642,7.439808,-3.497477,-3.497477,-59.831728,-102.267493,126.482342
1778539575.389341,rep1_pair13_same_dir60,1.487962,1.487962,-3.006603,2.577088,-0.01534,-2.745826,6.856895,-3.175341,-3.144661,-56.145561,-94.800787,136.826577
1778539575.986021,rep1_pair13_same_dir60,1.303884,1.303884,-2.623108,2.270292,0.0,-2.40835,6.273982,-2.791845,-2.822525,-51.163038,-86.289856,147.021548
1778539576.601168,rep1_pair13_same_dir60,1.119806,1.119806,-2.254952,1.932816,-0.01534,-2.070874,5.67573,-2.45437,-2.43903,-46.604777,-76.554583,156.121194
1778539577.176555,rep1_pair13_same_dir60,0.935728,0.920389,-1.871457,1.64136,-0.01534,-1.779418,5.123497,-2.086214,-2.101554,-41.503467,-67.558593,163.450162
1778539577.768995,rep1_pair13_same_dir60,0.751651,0.751651,-1.503301,1.349903,0.0,-1.441942,4.555924,-1.794758,-1.733399,-36.012146,-56.752681,170.477275
1778539578.299144,rep1_pair13_same_dir60,0.582913,0.598253,-1.181165,1.012427,-0.01534,-1.181165,4.03437,-1.411263,-1.472622,-30.34466,-47.523344,175.605205
1778539578.886444,rep1_pair13_same_dir60,0.398835,0.414175,-0.82835,0.705631,-0.01534,-0.82835,3.451457,-1.104466,-1.089127,-24.454933,-35.494637,180.451917
1778539579.414848,rep1_pair13_same_dir60,0.245437,0.245437,-0.567573,0.398835,0.0,-0.552233,2.929904,-0.79767,-0.79767,-18.907895,-25.279235,183.687395
1778539580.001621,rep1_pair13_same_dir60,0.046019,0.061359,-0.214757,0.092039,0.0,-0.230097,2.362331,-0.414175,-0.429515,-12.263019,-12.751788,186.255608
1778539580.617788,rep1_pair13_same_dir60_hold,0.0,0.0,-0.061359,-0.01534,-0.01534,-0.092039,1.794758,-0.260777,-0.291456,-7.403193,-3.637194,187.366739
1778539581.210238,rep1_pair13_same_dir60_hold,0.0,0.0,-0.061359,-0.01534,-0.01534,-0.092039,1.227185,-0.230097,-0.230097,-5.501727,-0.157422,187.806428
1778539581.793222,rep1_pair13_same_dir60_hold,0.0,0.0,-0.046019,-0.01534,-0.01534,-0.092039,0.674952,-0.168738,-0.199418,-3.534316,2.565579,188.038628
1778539582.422978,rep1_pair13_same_dir120,-0.046019,0.092039,-0.076699,-0.01534,0.03068,-0.092039,0.107379,-0.03068,-0.199418,-0.322164,5.114285,188.087687
1778539582.991992,rep1_pair13_same_dir120,-0.230097,0.383495,-0.245437,-0.01534,0.306796,-0.398835,0.322136,0.337476,-0.766991,7.420793,-2.23978,187.962929
1778539583.607425,rep1_pair13_same_dir120,-0.429515,0.736311,-0.429515,-0.01534,0.644272,-0.720971,0.705631,0.674952,-1.319224,15.569519,-13.619709,186.710446
1778539584.16874,rep1_pair13_same_dir120,-0.598253,1.073787,-0.613592,-0.01534,0.981748,-1.058447,1.027767,1.027767,-1.856117,23.591804,-24.599952,184.179852
1778539584.773048,rep1_pair13_same_dir120,-0.79767,1.472622,-0.79767,-0.01534,1.303884,-1.380583,1.395923,1.380583,-2.45437,31.477166,-35.522665,180.423106
1778539585.349667,rep1_pair13_same_dir120,-0.920389,1.794758,-0.981748,-0.01534,1.672039,-1.687379,1.733399,1.748738,-2.991263,39.597483,-46.23726,175.230875
1778539585.916004,rep1_pair13_same_dir120,-1.150486,2.162913,-1.150486,-0.01534,1.963496,-2.009515,2.101554,2.070874,-3.543496,46.867992,-56.560591,169.061719
1778539586.481567,rep1_pair13_same_dir120,-1.319224,2.469709,-1.319224,-0.01534,2.316311,-2.300972,2.40835,2.42369,-4.080389,53.388311,-65.695063,162.209057
1778539587.068873,rep1_pair13_same_dir120,-1.503301,2.837865,-1.518641,-0.01534,2.623108,-2.607768,2.761166,2.791845,-4.678642,60.230961,-74.846049,153.698352
1778539587.649707,rep1_pair13_same_dir120,-1.687379,3.20602,-1.702719,-0.01534,2.868544,-2.945244,3.113981,3.083302,-5.230875,66.044955,-83.636768,144.322779
1778539588.215295,rep1_pair13_same_dir120,-1.871457,3.512816,-1.871457,-0.01534,3.25204,-3.2367,3.436117,3.497477,-5.783108,72.227442,-90.611339,133.940931
1778539588.818808,rep1_pair13_same_dir120,-2.040195,3.911652,-2.055535,-0.01534,3.543496,-3.574176,3.850292,3.819613,-6.366021,76.976744,-97.920407,122.394268
1778539589.393707,rep1_pair13_same_dir120,-2.239612,4.233788,-2.239612,-0.01534,3.773593,-3.880972,4.172428,4.187768,-6.902915,81.42317,-103.056975,111.153872
1778539590.010629,rep1_pair13_same_dir120,-2.42369,4.617283,-2.43903,-0.01534,4.218448,-4.218448,4.540584,4.555924,-7.516507,85.426617,-108.422369,97.774766
1778539590.793577,rep1_pair13_same_dir120,-2.469709,4.709322,-2.500389,-0.01534,4.325826,-4.325826,4.693982,4.709322,-8.268158,86.440312,-110.244108,91.257616
1778539595.043485,rep1_pair13_same_dir120,-2.239612,4.479225,-2.254952,-0.01534,3.957671,-4.01903,4.448545,4.448545,-9.203886,84.399855,-108.451016,96.624136
1778539595.622536,rep1_pair13_same_dir120,-2.040195,4.095729,-2.055535,-0.01534,3.620195,-3.712234,4.080389,4.080389,-8.636313,80.7343,-103.983486,108.71374
1778539596.208953,rep1_pair13_same_dir120,-1.871457,3.742914,-1.886797,-0.01534,3.25204,-3.405438,3.727574,3.712234,-8.0534,75.99388,-98.878554,120.60461
1778539596.810476,rep1_pair13_same_dir120,-1.687379,3.374758,-1.687379,-0.01534,3.006603,-3.098642,3.359418,3.374758,-7.470487,70.89852,-92.327908,132.227167
1778539597.369013,rep1_pair13_same_dir120,-1.503301,3.006603,-1.518641,-0.01534,2.623108,-2.745826,3.006603,3.006603,-6.964274,64.752322,-84.664349,143.369472
1778539597.960361,rep1_pair13_same_dir120,-1.319224,2.653787,-1.334563,-0.01534,2.300972,-2.40835,2.653787,2.653787,-6.366021,58.656794,-76.533618,152.963844
1778539598.534814,rep1_pair13_same_dir120,-1.150486,2.285632,-1.150486,-0.01534,1.994175,-2.116894,2.285632,2.285632,-5.829128,51.912437,-67.082067,161.821989
1778539599.107885,rep1_pair13_same_dir120,-1.027767,1.948156,-0.981748,-0.01534,1.672039,-1.794758,1.917476,1.917476,-5.353594,45.328389,-57.592889,168.986955
1778539599.664915,rep1_pair13_same_dir120,-0.79767,1.58,-0.81301,-0.01534,1.380583,-1.487962,1.58,1.58,-4.740001,38.324872,-47.524805,175.046222
1778539600.252407,rep1_pair13_same_dir120,-0.598253,1.227185,-0.659612,-0.01534,1.043107,-1.181165,1.211845,1.211845,-4.187768,30.904888,-37.313236,180.006512
1778539600.851526,rep1_pair13_same_dir120,-0.429515,0.84369,-0.506214,-0.01534,0.736311,-0.859029,0.82835,0.84369,-3.666215,23.075495,-26.18486,183.925557
1778539601.42829,rep1_pair13_same_dir120,-0.276117,0.490874,-0.291456,-0.03068,0.429515,-0.552233,0.475534,0.490874,-3.098642,15.720102,-15.447857,186.46196
1778539601.986165,rep1_pair13_same_dir120,-0.153398,0.138058,-0.153398,-0.03068,0.107379,-0.230097,0.122718,0.138058,-2.500389,8.107322,-4.913923,187.88079
1778539603.374682,rep1_pair13_same_dir120_hold,-0.076699,0.0,-0.061359,-0.01534,0.0,-0.107379,0.0,0.0,-1.273204,4.124246,0.496056,188.16152
1778539604.2034,rep1_pair13_same_dir120_hold,-0.076699,0.0,-0.061359,-0.03068,0.0,-0.107379,-0.01534,-0.01534,-0.567573,2.41209,3.460104,188.159829
1778539604.816642,rep1_pair13_same_dir180,-0.337476,0.168738,0.061359,-0.306796,0.214757,-0.092039,-0.352816,0.352816,-0.352816,10.122623,8.717435,187.55788
1778539605.420731,rep1_pair13_same_dir180,-0.720971,0.306796,0.214757,-0.628932,0.506214,-0.092039,-0.736311,0.889709,-0.720971,23.130629,10.235105,186.033994
1778539606.002952,rep1_pair13_same_dir180,-1.027767,0.444854,0.429515,-0.951068,0.84369,-0.092039,-1.089127,1.472622,-1.073787,36.264501,11.21171,183.317423
1778539606.569579,rep1_pair13_same_dir180,-1.441942,0.613592,0.598253,-1.257864,1.165826,-0.092039,-1.441942,2.040195,-1.441942,49.002797,11.307972,179.551831
1778539607.169199,rep1_pair13_same_dir180,-1.810098,0.766991,0.766991,-1.58,1.487962,-0.092039,-1.825437,2.638447,-1.779418,60.74017,11.548063,174.944491
1778539607.756319,rep1_pair13_same_dir180,-2.178253,0.951068,0.905049,-1.902136,1.810098,-0.092039,-2.178253,3.19068,-2.178253,72.235018,11.3674,169.270503
1778539608.332784,rep1_pair13_same_dir180,-2.500389,1.135146,1.135146,-2.208933,2.116894,-0.076699,-2.546408,3.742914,-2.500389,83.650837,11.853871,162.375557
1778539608.937089,rep1_pair13_same_dir180,-2.899224,1.303884,1.303884,-2.531069,2.485049,-0.092039,-2.914564,4.341166,-2.822525,94.441302,11.821379,154.401871
1778539609.519607,rep1_pair13_same_dir180,-3.26738,1.503301,1.457282,-2.853205,2.745826,-0.076699,-3.282719,4.87806,-3.26738,103.864091,11.951418,146.06668
1778539610.103762,rep1_pair13_same_dir180,-3.650875,1.656699,1.62602,-3.160001,3.098642,-0.076699,-3.635535,5.460972,-3.543496,112.765591,11.903759,136.623733
1778539610.715583,rep1_pair13_same_dir180,-3.988351,1.856117,1.810098,-3.497477,3.482137,-0.076699,-4.03437,6.028545,-4.03437,121.196509,11.438284,126.078118
1778539611.310705,rep1_pair13_same_dir180,-4.371846,2.009515,1.978835,-3.819613,3.712234,-0.03068,-4.402525,6.611458,-4.310487,127.948861,12.017038,115.7161
1778539611.891165,rep1_pair13_same_dir180,-4.709322,2.208933,2.178253,-4.126409,4.126409,0.0,-4.755341,7.148351,-4.755341,134.187518,11.507231,104.46433
1778539612.494818,rep1_pair13_same_dir180,-4.87806,2.331651,2.300972,-4.325826,4.325826,0.0,-4.985438,7.731264,-4.970098,138.317999,10.764133,94.240972
1778539613.299038,rep1_pair13_same_dir180,-4.87806,2.331651,2.316311,-4.341166,4.325826,0.0,-4.985438,8.482915,-4.985438,139.505105,9.005242,86.135157
1778539613.88257,rep1_pair13_same_dir180,-4.87806,2.346991,2.316311,-4.341166,4.325826,-0.01534,-4.985438,9.004468,-4.985438,139.812774,7.935652,80.534739
1778539624.470135,rep1_pair13_same_dir180_hold,-0.107379,0.0,0.0,-0.153398,0.0,0.0,-0.291456,1.932816,-0.322136,17.62859,10.551306,186.000027
1778539625.07449,rep1_pair13_same_dir180_hold,-0.107379,0.0,0.0,-0.107379,0.0,0.0,-0.260777,1.349903,-0.230097,12.66672,10.819383,186.848604
1778539625.67133,rep1_pair13_same_dir180_hold,-0.107379,0.0,0.0,-0.107379,0.0,-0.01534,-0.230097,0.78233,-0.214757,9.102105,10.828048,187.354527
1778539626.261386,rep1_pair13_same_dir180_hold,-0.107379,0.0,0.0,-0.107379,-0.01534,-0.01534,-0.168738,0.245437,-0.168738,5.498997,10.895578,187.654104
1778539626.865685,rep1_pair13_same_dir240,-0.168738,-0.153398,0.199418,-0.306796,-0.01534,0.184078,-0.552233,0.199418,0.184078,5.554535,17.212386,187.098737
1778539627.478335,rep1_pair13_same_dir240,-0.352816,-0.337476,0.613592,-0.628932,-0.01534,0.490874,-1.165826,0.582913,0.567573,11.795285,29.790266,184.815357
1778539628.06719,rep1_pair13_same_dir240,-0.536893,-0.536893,0.966408,-0.951068,-0.01534,0.874369,-1.718059,0.889709,0.920389,17.951236,42.914832,181.040155
1778539628.620519,rep1_pair13_same_dir240,-0.705631,-0.705631,1.319224,-1.242525,0.0,1.181165,-2.285632,1.242525,1.242525,23.93739,54.225817,176.42066
1778539629.219715,rep1_pair13_same_dir240,-0.859029,-0.889709,1.672039,-1.564661,0.0,1.487962,-2.837865,1.59534,1.59534,29.178607,65.764045,170.491922
1778539629.827795,rep1_pair13_same_dir240,-1.089127,-1.073787,2.024855,-1.917476,-0.01534,1.886797,-3.436117,1.994175,1.963496,35.125442,77.200733,162.895387
1778539630.40292,rep1_pair13_same_dir240,-1.257864,-1.257864,2.362331,-2.224272,-0.01534,2.193593,-4.00369,2.300972,2.346991,39.541603,87.789415,154.575532
1778539630.973361,rep1_pair13_same_dir240,-1.441942,-1.441942,2.715146,-2.500389,0.0,2.515729,-4.555924,2.669127,2.638447,44.042808,96.561363,145.946388
1778539631.537175,rep1_pair13_same_dir240,-1.61068,-1.61068,3.083302,-2.822525,0.0,2.822525,-5.092817,3.006603,3.021943,48.104888,105.540285,135.524203
1778539632.091709,rep1_pair13_same_dir240,-1.779418,-1.779418,3.374758,-3.129321,0.0,3.129321,-5.64505,3.328739,3.344079,51.5049,112.763016,125.120013
1778539632.77836,rep1_pair13_same_dir240,-2.009515,-1.994175,3.804273,-3.497477,0.0,3.497477,-6.320002,3.742914,3.773593,55.197934,120.461611,111.525313
1778539633.357519,rep1_pair13_same_dir240,-2.193593,-2.178253,4.126409,-3.804273,0.0,3.804273,-6.856895,4.080389,4.126409,57.633216,125.707781,99.540319
1778539633.940113,rep1_pair13_same_dir240,-2.362331,-2.362331,4.540584,-4.126409,0.0,4.126409,-7.424468,4.479225,4.494564,59.888774,130.115363,86.408438
1778539634.520231,rep1_pair13_same_dir240,-2.469709,-2.485049,4.770681,-4.325826,0.0,4.325826,-7.976701,4.693982,4.724661,61.046572,132.435893,76.649886
1778539639.02372,rep1_pair13_same_dir240,-2.270292,-2.270292,4.525244,-4.126409,0.0,3.957671,-9.372624,4.540584,4.555924,60.636208,130.460739,80.710898
1778539639.628055,rep1_pair13_same_dir240,-2.086214,-2.086214,4.157089,-3.758253,0.0,3.620195,-8.743692,4.172428,4.187768,58.553034,126.360549,94.540713
1778539640.175125,rep1_pair13_same_dir240,-1.902136,-1.902136,3.804273,-3.497477,0.0,3.313399,-8.206798,3.804273,3.819613,55.993391,121.960135,106.539835
1778539647.341611,rep1_pair13_same_dir240_hold,-0.107379,-0.076699,0.0,-0.153398,-0.01534,0.0,-1.257864,0.0,0.0,4.918068,17.076386,187.119744
1778539648.425394,rep1_pair13_same_dir300,-0.107379,-0.076699,0.0,-0.107379,-0.03068,0.03068,-0.352816,-0.061359,0.0,1.998186,14.549853,187.505728
1778539649.02395,rep1_pair13_same_dir300,0.076699,-0.414175,0.199418,-0.107379,-0.368155,0.245437,-0.429515,-0.429515,0.521554,-6.634574,20.48742,186.775888
1778539649.595522,rep1_pair13_same_dir300,0.276117,-0.78233,0.337476,-0.107379,-0.659612,0.567573,-0.78233,-0.766991,1.073787,-14.38743,30.725742,184.619399
1778539650.165852,rep1_pair13_same_dir300,0.444854,-1.119806,0.521554,-0.107379,-0.997088,0.889709,-1.150486,-1.135146,1.62602,-21.908058,41.074516,181.359023
1778539650.737161,rep1_pair13_same_dir300,0.598253,-1.487962,0.659612,-0.107379,-1.303884,1.196505,-1.503301,-1.487962,2.193593,-28.585703,50.537298,177.341937
1778539651.302306,rep1_pair13_same_dir300,0.751651,-1.840777,0.79767,-0.092039,-1.59534,1.487962,-1.856117,-1.840777,2.699807,-34.639222,59.028755,172.792378
1778539651.877822,rep1_pair13_same_dir300,0.951068,-2.193593,0.951068,-0.092039,-1.902136,1.825437,-2.208933,-2.147573,3.26738,-40.829615,67.989475,166.983093
1778539652.468981,rep1_pair13_same_dir300,1.104466,-2.561748,1.135146,-0.092039,-2.224272,2.132234,-2.592428,-2.500389,3.819613,-46.499376,77.083961,160.08675
1778539653.05745,rep1_pair13_same_dir300,1.288544,-2.929904,1.334563,-0.092039,-2.561748,2.485049,-2.945244,-2.929904,4.371846,-51.793017,85.643511,152.299248
1778539653.637626,rep1_pair13_same_dir300,1.457282,-3.298059,1.472622,-0.092039,-2.868544,2.868544,-3.313399,-3.22136,4.924079,-56.614144,93.361636,143.790091
1778539654.250311,rep1_pair13_same_dir300,1.62602,-3.666215,1.656699,-0.092039,-3.20602,3.19068,-3.696894,-3.681554,5.537671,-61.792879,99.997723,134.42353
1778539654.869118,rep1_pair13_same_dir300,1.825437,-4.080389,1.840777,-0.076699,-3.512816,3.528156,-4.080389,-3.973011,6.120584,-65.748044,106.194224,124.63144
1778539655.453871,rep1_pair13_same_dir300,1.994175,-4.433205,2.024855,-0.076699,-3.834952,3.850292,-4.448545,-4.448545,6.642138,-69.217163,111.313845,114.565764
1778539656.036564,rep1_pair13_same_dir300,2.147573,-4.801361,2.178253,-0.076699,-4.172428,4.157089,-4.8167,-4.693982,7.209711,-72.126424,115.695143,103.907942
1778539656.619208,rep1_pair13_same_dir300,2.254952,-4.985438,2.300972,-0.076699,-4.341166,4.325826,-4.985438,-4.985438,7.746604,-73.46953,119.051557,94.824443
1778539657.140594,rep1_pair13_same_dir300,2.254952,-4.985438,2.300972,-0.076699,-4.325826,4.325826,-4.985438,-4.985438,8.237478,-72.1018,121.313795,88.992663
1778539657.708415,rep1_pair13_same_dir300,2.254952,-4.985438,2.300972,-0.092039,-4.325826,4.325826,-4.985438,-4.985438,8.743692,-71.366946,123.108459,82.687919
1778539668.553748,rep1_pair13_same_dir300_hold,0.0,-0.076699,0.0,-0.061359,-0.107379,0.0,-0.306796,-0.276117,2.070874,-8.22191,26.927194,184.698333
1778539669.169796,rep1_pair13_same_dir300_hold,0.0,-0.076699,0.0,-0.061359,-0.092039,0.0,-0.260777,-0.245437,1.472622,-6.27463,22.161884,185.99481
1778539669.770529,rep1_pair13_same_dir300_hold,0.0,-0.076699,0.0,-0.061359,-0.092039,0.0,-0.245437,-0.184078,0.905049,-4.561554,18.697836,186.792203
1778539670.36621,rep1_pair13_same_dir300_hold,0.0,-0.076699,0.0,-0.076699,-0.092039,-0.01534,-0.184078,-0.153398,0.322136,-3.310243,15.526329,187.351296
1778539670.944776,rep1_pair13_opp_dir0,0.214757,-0.153398,-0.168738,0.153398,-0.291456,-0.01534,-0.138058,-0.153398,0.0,-6.68094,12.617089,187.573627
1778539671.566637,rep1_pair13_opp_dir0,0.552233,-0.337476,-0.352816,0.460194,-0.628932,0.0,-0.122718,-0.153398,0.0,-14.563591,11.135908,187.16158
1778539672.200573,rep1_pair13_opp_dir0,0.951068,-0.536893,-0.552233,0.79767,-0.951068,0.0,-0.107379,-0.138058,-0.01534,-22.820962,9.868427,186.254013
1778539672.777205,rep1_pair13_opp_dir0,1.288544,-0.720971,-0.736311,1.104466,-1.257864,0.0,-0.107379,-0.153398,0.0,-29.860899,9.021038,185.109702
1778539673.357574,rep1_pair13_opp_dir0,1.64136,-0.905049,-0.920389,1.395923,-1.58,0.0,-0.107379,-0.153398,0.0,-37.378357,7.690555,183.543023
1778539673.941705,rep1_pair13_opp_dir0,1.978835,-1.089127,-1.104466,1.718059,-1.886797,0.0,-0.092039,-0.153398,0.0,-44.801604,6.182477,181.576712
1778539674.54244,rep1_pair13_opp_dir0,2.300972,-1.273204,-1.288544,2.009515,-2.208933,0.0,-0.092039,-0.153398,0.0,-51.640192,4.671955,179.417652
1778539675.107165,rep1_pair13_opp_dir0,2.653787,-1.441942,-1.457282,2.300972,-2.531069,0.0,0.0,-0.153398,0.0,-59.108214,2.844805,176.663406
1778539675.708676,rep1_pair13_opp_dir0,2.960583,-1.64136,-1.656699,2.607768,-2.837865,0.0,0.0,-0.153398,0.0,-65.628911,1.081014,173.838539
1778539676.283519,rep1_pair13_opp_dir0,3.298059,-1.810098,-1.825437,2.868544,-3.160001,-0.01534,0.0,-0.153398,0.0,-71.499562,-0.493858,171.002926
1778539676.827635,rep1_pair13_opp_dir0,3.650875,-1.994175,-2.009515,3.19068,-3.451457,-0.01534,0.0,-0.153398,0.0,-78.440498,-2.588682,167.19355
1778539677.433145,rep1_pair13_opp_dir0,3.988351,-2.178253,-2.193593,3.512816,-3.788933,-0.01534,0.0,-0.153398,0.0,-84.817471,-4.829095,163.242858
1778539678.045031,rep1_pair13_opp_dir0,4.341166,-2.362331,-2.39301,3.788933,-4.111069,-0.01534,0.01534,-0.153398,0.0,-90.792494,-6.645273,159.104022
1778539683.254663,rep1_pair13_opp_dir0,4.463885,-2.224272,-2.254952,3.850292,-3.865632,-0.01534,0.0,-0.153398,0.0,-94.819835,-7.626778,156.111589
1778539683.845866,rep1_pair13_opp_dir0,4.095729,-2.040195,-2.055535,3.528156,-3.558836,-0.01534,0.0,-0.153398,0.0,-89.529854,-5.650652,160.110159
1778539684.42407,rep1_pair13_opp_dir0,3.742914,-1.856117,-1.886797,3.22136,-3.22136,-0.01534,0.0,-0.153398,0.0,-83.371168,-3.616312,164.360453
1778539685.026324,rep1_pair13_opp_dir0,3.359418,-1.672039,-1.687379,2.883884,-2.899224,-0.01534,0.0,-0.153398,0.0,-76.31591,-1.55429,168.637521
1778539685.637882,rep1_pair13_opp_dir0,2.960583,-1.472622,-1.487962,2.561748,-2.577088,-0.01534,0.0,-0.153398,0.0,-69.052846,0.267059,172.498031
1778539686.211677,rep1_pair13_opp_dir0,2.623108,-1.303884,-1.319224,2.270292,-2.285632,-0.01534,0.0,-0.153398,0.0,-62.04201,1.972223,175.700109
1778539686.778404,rep1_pair13_opp_dir0,2.254952,-1.135146,-1.150486,1.948156,-1.963496,-0.01534,-0.01534,-0.153398,-0.01534,-54.461244,3.548689,178.71685
1778539687.367425,rep1_pair13_opp_dir0,1.902136,-0.935728,-0.966408,1.64136,-1.656699,-0.01534,0.0,-0.153398,-0.01534,-46.493585,5.087918,181.367307
1778539687.954073,rep1_pair13_opp_dir0,1.533981,-0.766991,-0.79767,1.319224,-1.365243,-0.01534,-0.01534,-0.153398,-0.01534,-38.830594,6.374778,183.445134
1778539688.567568,rep1_pair13_opp_dir0,1.150486,-0.613592,-0.628932,0.981748,-1.089127,-0.01534,-0.01534,-0.153398,-0.01534,-30.882508,7.795032,185.14131
1778539689.146061,rep1_pair13_opp_dir0,0.78233,-0.429515,-0.490874,0.674952,-0.766991,-0.01534,-0.01534,-0.153398,-0.01534,-23.23011,8.625388,186.373915
1778539689.695778,rep1_pair13_opp_dir0,0.444854,-0.276117,-0.276117,0.368155,-0.490874,0.0,-0.01534,-0.153398,-0.01534,-15.586336,10.093651,187.173472
1778539690.287845,rep1_pair13_opp_dir0,0.092039,-0.122718,-0.138058,0.061359,-0.168738,-0.01534,-0.01534,-0.153398,-0.01534,-8.448144,10.841529,187.592478
1778539692.912294,rep1_pair13_opp_dir60,0.122718,0.046019,-0.276117,0.153398,-0.107379,-0.230097,-0.01534,-0.153398,-0.01534,-6.105207,7.641282,187.838064
1778539693.490633,rep1_pair13_opp_dir60,0.306796,0.214757,-0.644272,0.429515,-0.092039,-0.552233,-0.01534,-0.153398,-0.01534,-8.164822,1.729924,187.854623
1778539694.062131,rep1_pair13_opp_dir60,0.429515,0.368155,-0.997088,0.720971,-0.092039,-0.84369,-0.01534,-0.153398,-0.01534,-10.447986,-3.554469,187.633261
1778539694.651395,rep1_pair13_opp_dir60,0.552233,0.536893,-1.365243,1.027767,-0.092039,-1.181165,-0.01534,-0.153398,-0.01534,-13.107132,-9.850878,187.118645
1778539695.220709,rep1_pair13_opp_dir60,0.705631,0.720971,-1.733399,1.303884,-0.092039,-1.503301,0.0,-0.153398,-0.01534,-15.843871,-15.740644,186.336761
1778539695.787668,rep1_pair13_opp_dir60,0.874369,0.889709,-2.086214,1.61068,-0.092039,-1.794758,0.0,-0.153398,-0.01534,-18.989228,-21.87911,185.188393
1778539696.371037,rep1_pair13_opp_dir60,1.043107,1.043107,-2.45437,1.902136,-0.092039,-2.116894,0.0,-0.153398,-0.01534,-22.162906,-28.189657,183.704527
1778539696.943428,rep1_pair13_opp_dir60,1.196505,1.242525,-2.807185,2.208933,-0.092039,-2.39301,0.0,-0.153398,-0.01534,-25.171001,-34.361667,181.949868
1778539697.533118,rep1_pair13_opp_dir60,1.380583,1.411263,-3.175341,2.531069,-0.092039,-2.730486,0.0,-0.153398,-0.01534,-28.471398,-41.165214,179.630568
1778539698.121211,rep1_pair13_opp_dir60,1.549321,1.58,-3.543496,2.791845,-0.092039,-3.052622,0.0,-0.153398,-0.01534,-31.293362,-46.587751,177.458369
1778539698.676004,rep1_pair13_opp_dir60,1.718059,1.718059,-3.880972,3.083302,-0.092039,-3.298059,0.0,-0.153398,-0.03068,-34.427235,-52.676697,174.694589
1778539699.288547,rep1_pair13_opp_dir60,1.917476,1.902136,-4.264467,3.420778,-0.092039,-3.681554,0.0,-0.153398,-0.03068,-37.861944,-59.126543,171.340825
1778539699.886635,rep1_pair13_opp_dir60,2.055535,2.086214,-4.632623,3.696894,-0.092039,-3.973011,0.0,-0.153398,-0.03068,-40.466861,-64.614204,168.210837
1778539700.446356,rep1_pair13_opp_dir60,2.193593,2.224272,-4.985438,4.00369,-0.092039,-4.249127,0.0,-0.153398,-0.03068,-43.218986,-69.630945,164.93529
1778539705.486935,rep1_pair13_opp_dir60,2.162913,2.178253,-4.341166,3.758253,-0.092039,-3.758253,0.0,-0.153398,-0.03068,-42.679303,-69.450726,165.264591
1778539706.07104,rep1_pair13_opp_dir60,1.963496,1.978835,-4.00369,3.436117,-0.092039,-3.436117,0.0,-0.153398,-0.03068,-39.462801,-64.168877,168.801546
1778539706.657781,rep1_pair13_opp_dir60,1.810098,1.794758,-3.604855,3.113981,-0.092039,-3.144661,0.0,-0.153398,-0.03068,-36.481894,-58.255665,172.159669
1778539707.244967,rep1_pair13_opp_dir60,1.61068,1.61068,-3.25204,2.791845,-0.092039,-2.791845,0.0,-0.153398,-0.03068,-33.078192,-51.912079,175.43749
1778539707.844427,rep1_pair13_opp_dir60,1.426602,1.426602,-2.868544,2.469709,-0.092039,-2.469709,0.0,-0.153398,-0.03068,-29.544489,-45.331209,178.385889
1778539708.434095,rep1_pair13_opp_dir60,1.242525,1.257864,-2.500389,2.147573,-0.092039,-2.162913,0.0,-0.153398,-0.03068,-26.104811,-38.940566,180.868535
1778539709.037354,rep1_pair13_opp_dir60,1.058447,1.073787,-2.132234,1.810098,-0.092039,-1.840777,0.0,-0.153398,-0.03068,-22.663762,-32.27336,183.018905
1778539709.650229,rep1_pair13_opp_dir60,0.874369,0.874369,-1.748738,1.503301,-0.092039,-1.518641,0.0,-0.153398,-0.03068,-19.079675,-25.491465,184.830792
1778539710.254848,rep1_pair13_opp_dir60,0.674952,0.674952,-1.365243,1.165826,-0.092039,-1.181165,0.0,-0.153398,-0.03068,-15.4723,-18.66661,186.238983
1778539710.809419,rep1_pair13_opp_dir60,0.506214,0.506214,-1.012427,0.874369,-0.092039,-0.981748,0.0,-0.153398,-0.03068,-12.231952,-12.895216,187.129071
1778539711.421247,rep1_pair13_opp_dir60,0.322136,0.322136,-0.736311,0.536893,-0.092039,-0.659612,-0.01534,-0.153398,-0.03068,-8.848859,-5.984344,187.783851
1778539712.009292,rep1_pair13_opp_dir60,0.138058,0.138058,-0.368155,0.230097,-0.092039,-0.337476,-0.01534,-0.153398,-0.03068,-5.508036,1.005213,188.057138
1778539713.351821,rep1_pair13_opp_dir60_hold,0.0,0.0,-0.061359,0.0,-0.092039,-0.107379,-0.01534,-0.153398,-0.03068,-2.494505,7.126748,187.994493
1778539715.151242,rep1_pair13_opp_dir120,-0.199418,0.322136,-0.214757,0.0,0.245437,-0.352816,-0.01534,-0.153398,-0.03068,1.50697,3.166317,188.04926
1778539715.758264,rep1_pair13_opp_dir120,-0.383495,0.690291,-0.383495,0.0,0.552233,-0.674952,-0.01534,-0.138058,-0.03068,5.825223,-2.388678,187.871011
1778539716.312846,rep1_pair13_opp_dir120,-0.567573,1.012427,-0.567573,0.0,0.84369,-0.981748,-0.01534,-0.138058,-0.03068,10.396997,-8.100977,187.337317
1778539716.946183,rep1_pair13_opp_dir120,-0.751651,1.411263,-0.78233,0.0,1.181165,-1.319224,-0.01534,-0.138058,-0.03068,15.863394,-14.399383,186.3095
1778539717.513427,rep1_pair13_opp_dir120,-0.889709,1.733399,-0.951068,0.0,1.487962,-1.62602,-0.01534,-0.107379,-0.03068,20.616629,-19.403054,185.083288
1778539718.129658,rep1_pair13_opp_dir120,-1.135146,2.101554,-1.135146,0.0,1.779418,-1.978835,-0.01534,-0.107379,-0.03068,25.567631,-24.762617,183.431354
1778539718.683805,rep1_pair13_opp_dir120,-1.303884,2.42369,-1.319224,0.0,2.070874,-2.270292,0.0,-0.107379,-0.03068,30.407814,-29.784922,181.526485
1778539719.287196,rep1_pair13_opp_dir120,-1.487962,2.730486,-1.487962,-0.01534,2.40835,-2.592428,0.0,-0.092039,-0.03068,35.274229,-34.688847,179.226432
1778539719.875942,rep1_pair13_opp_dir120,-1.672039,3.129321,-1.687379,0.0,2.653787,-2.914564,0.0,-0.061359,-0.03068,40.128431,-39.369638,176.66805
1778539720.437957,rep1_pair13_opp_dir120,-1.856117,3.451457,-1.856117,-0.01534,2.960583,-3.160001,0.0,0.0,-0.03068,45.070576,-43.972215,173.735572
1778539721.046481,rep1_pair13_opp_dir120,-2.040195,3.834952,-2.055535,-0.01534,3.298059,-3.543496,0.0,0.0,-0.03068,50.17721,-48.88846,170.220248
1778539721.623744,rep1_pair13_opp_dir120,-2.224272,4.157089,-2.239612,-0.01534,3.589516,-3.850292,0.0,0.0,-0.03068,54.732449,-53.076147,166.724723
1778539722.238903,rep1_pair13_opp_dir120,-2.40835,4.479225,-2.42369,-0.01534,3.926991,-4.126409,0.0,0.0,-0.046019,59.657853,-57.487632,162.686202
1778539727.295781,rep1_pair13_opp_dir120,-2.239612,4.463885,-2.254952,-0.01534,3.865632,-3.880972,0.0,0.0,-0.046019,60.378155,-59.475154,161.457666
1778539727.90876,rep1_pair13_opp_dir120,-2.040195,4.095729,-2.055535,-0.01534,3.558836,-3.558836,0.0,0.0,-0.046019,55.798953,-55.731662,165.387933
1778539728.509701,rep1_pair13_opp_dir120,-1.856117,3.712234,-1.856117,-0.01534,3.20602,-3.26738,0.0,0.0,-0.046019,50.50306,-51.319125,169.517346
1778539729.07164,rep1_pair13_opp_dir120,-1.687379,3.359418,-1.687379,-0.01534,2.899224,-2.914564,0.0,0.0,-0.046019,45.40151,-46.607085,173.14356
1778539729.66183,rep1_pair13_opp_dir120,-1.503301,3.006603,-1.518641,-0.01534,2.592428,-2.607768,0.0,0.0,-0.046019,40.190445,-41.645068,176.405369
1778539730.212624,rep1_pair13_opp_dir120,-1.319224,2.653787,-1.334563,0.0,2.285632,-2.285632,0.0,0.0,-0.046019,35.231461,-36.789259,179.13154
1778539730.800387,rep1_pair13_opp_dir120,-1.135146,2.270292,-1.150486,0.0,1.978835,-1.978835,0.0,-0.01534,-0.046019,30.201973,-31.462443,181.575874
1778539731.385252,rep1_pair13_opp_dir120,-1.027767,1.917476,-0.966408,0.0,1.656699,-1.656699,-0.01534,0.0,-0.046019,25.346931,-25.889872,183.611027
1778539731.976125,rep1_pair13_opp_dir120,-0.78233,1.549321,-0.79767,0.0,1.349903,-1.334563,-0.01534,0.0,-0.046019,20.685772,-20.26948,185.227398
1778539732.587656,rep1_pair13_opp_dir120,-0.582913,1.181165,-0.628932,0.0,1.027767,-1.058447,-0.01534,-0.01534,-0.046019,16.049652,-14.78239,186.488097
1778539733.18793,rep1_pair13_opp_dir120,-0.383495,0.78233,-0.506214,0.0,0.690291,-0.78233,-0.01534,0.0,-0.046019,11.284759,-9.225702,187.39795
1778539733.745844,rep1_pair13_opp_dir120,-0.260777,0.444854,-0.276117,0.0,0.398835,-0.475534,-0.01534,-0.01534,-0.046019,7.35211,-3.552117,187.898286
1778539734.354815,rep1_pair13_opp_dir120,-0.122718,0.061359,-0.138058,0.0,0.046019,-0.168738,-0.01534,-0.01534,-0.03068,2.772324,2.516333,188.089437
1778539736.950512,rep1_pair13_opp_dir180,-0.260777,0.122718,0.01534,-0.199418,0.199418,-0.107379,-0.01534,0.0,-0.046019,4.536074,5.541442,187.967008
1778539737.554364,rep1_pair13_opp_dir180,-0.613592,0.291456,0.184078,-0.536893,0.460194,-0.107379,-0.01534,0.0,-0.046019,9.972367,7.080509,187.624579
1778539738.147211,rep1_pair13_opp_dir180,-0.920389,0.414175,0.368155,-0.874369,0.736311,-0.092039,-0.01534,0.0,-0.03068,15.402651,8.163039,187.083191
1778539738.730282,rep1_pair13_opp_dir180,-1.365243,0.567573,0.536893,-1.196505,1.043107,-0.092039,-0.01534,0.0,-0.03068,21.552133,8.834644,186.274625
1778539739.271803,rep1_pair13_opp_dir180,-1.687379,0.720971,0.705631,-1.487962,1.303884,-0.092039,-0.01534,0.0,-0.03068,27.026492,9.562199,185.354002
1778539739.875095,rep1_pair13_opp_dir180,-2.086214,0.905049,0.859029,-1.794758,1.64136,-0.092039,-0.01534,0.0,-0.046019,33.548015,9.8028,183.985238
1778539740.472032,rep1_pair13_opp_dir180,-2.43903,1.058447,1.058447,-2.132234,1.917476,-0.092039,-0.01534,0.0,-0.03068,39.817192,10.214626,182.403614
1778539741.034381,rep1_pair13_opp_dir180,-2.791845,1.257864,1.227185,-2.42369,2.224272,-0.107379,-0.01534,0.0,-0.03068,46.778228,10.448139,180.350376
1778539741.588076,rep1_pair13_opp_dir180,-3.160001,1.411263,1.349903,-2.745826,2.500389,-0.107379,-0.01534,0.0,-0.046019,53.004711,10.594802,178.236902
1778539742.171327,rep1_pair13_opp_dir180,-3.436117,1.59534,1.549321,-3.052622,2.791845,-0.092039,-0.01534,0.0,-0.046019,59.725468,10.824645,175.60413
1778539742.772042,rep1_pair13_opp_dir180,-3.880972,1.733399,1.733399,-3.374758,3.113981,-0.092039,-0.046019,0.0,-0.046019,67.083459,11.093384,172.320256
1778539743.385682,rep1_pair13_opp_dir180,-4.203108,1.932816,1.871457,-3.696894,3.405438,-0.107379,-0.046019,0.0,-0.046019,73.484668,11.040094,169.136143
1778539743.974961,rep1_pair13_opp_dir180,-4.632623,2.116894,2.070874,-4.03437,3.696894,-0.107379,-0.046019,0.0,-0.046019,79.623578,11.242939,165.719018
1778539744.554397,rep1_pair13_opp_dir180,-4.87806,2.254952,2.239612,-4.325826,4.04971,-0.107379,-0.046019,0.0,-0.046019,86.763359,11.379987,161.245051
1778539749.5554,rep1_pair13_opp_dir180,-4.371846,2.178253,2.162913,-3.773593,3.758253,-0.107379,-0.046019,0.0,-0.046019,84.573525,11.452755,162.746374
1778539750.13474,rep1_pair13_opp_dir180,-4.06505,1.994175,1.963496,-3.466797,3.451457,-0.107379,-0.046019,0.0,-0.046019,78.725531,11.558593,166.345319
1778539750.737956,rep1_pair13_opp_dir180,-3.635535,1.810098,1.794758,-3.129321,3.113981,-0.107379,-0.046019,0.0,-0.046019,71.97123,11.558611,170.086839
1778539751.272285,rep1_pair13_opp_dir180,-3.359418,1.62602,1.61068,-2.837865,2.822525,-0.107379,-0.046019,0.0,-0.046019,65.619745,11.240545,173.226555
1778539751.880169,rep1_pair13_opp_dir180,-2.899224,1.457282,1.426602,-2.500389,2.500389,-0.107379,-0.046019,0.0,-0.046019,58.186979,11.336288,176.461721
1778539752.455723,rep1_pair13_opp_dir180,-2.577088,1.273204,1.257864,-2.224272,2.208933,-0.107379,-0.046019,0.0,-0.03068,51.117078,11.291577,179.121645
1778539753.058589,rep1_pair13_opp_dir180,-2.162913,1.073787,1.058447,-1.871457,1.856117,-0.107379,-0.046019,0.0,-0.03068,43.658266,11.310252,181.544199
1778539753.630147,rep1_pair13_opp_dir180,-1.810098,0.905049,0.889709,-1.564661,1.533981,-0.092039,-0.046019,0.0,-0.046019,37.769913,11.326698,183.181931
1778539754.218999,rep1_pair13_opp_dir180,-1.441942,0.720971,0.705631,-1.242525,1.242525,-0.092039,-0.046019,0.0,-0.03068,31.434934,10.983059,184.649227
1778539754.830473,rep1_pair13_opp_dir180,-1.089127,0.536893,0.521554,-0.951068,0.905049,-0.092039,-0.046019,0.0,-0.046019,24.964515,10.601176,185.851572
1778539755.423211,rep1_pair13_opp_dir180,-0.766991,0.352816,0.337476,-0.659612,0.598253,-0.092039,-0.046019,0.0,-0.03068,18.689856,10.230797,186.760328
1778539756.009927,rep1_pair13_opp_dir180,-0.414175,0.168738,0.153398,-0.383495,0.276117,-0.092039,-0.046019,0.0,-0.03068,11.529569,9.555614,187.476048
1778539756.613907,rep1_pair13_opp_dir180_hold,-0.107379,0.0,0.0,-0.107379,0.0,-0.092039,-0.046019,0.0,-0.03068,4.648791,8.864737,187.848076
1778539759.338271,rep1_pair13_opp_dir240,-0.214757,-0.214757,0.322136,-0.368155,0.0,0.245437,-0.046019,0.0,-0.03068,5.332087,14.449159,187.449617
1778539759.938162,rep1_pair13_opp_dir240,-0.398835,-0.383495,0.690291,-0.690291,-0.01534,0.567573,-0.046019,0.0,-0.03068,7.684963,20.50935,186.722198
1778539760.47943,rep1_pair13_opp_dir240,-0.552233,-0.552233,0.981748,-0.997088,-0.01534,0.859029,-0.046019,0.0,-0.03068,9.791153,26.080529,185.772209
1778539761.084328,rep1_pair13_opp_dir240,-0.751651,-0.751651,1.365243,-1.319224,0.0,1.150486,-0.046019,0.0,-0.03068,12.226598,33.138324,184.277064
1778539761.671352,rep1_pair13_opp_dir240,-0.889709,-0.935728,1.702719,-1.64136,-0.01534,1.441942,-0.046019,0.0,-0.03068,13.944892,39.492997,182.651427
1778539762.251619,rep1_pair13_opp_dir240,-1.119806,-1.104466,2.055535,-1.948156,0.0,1.764078,-0.046019,0.0,-0.03068,16.041964,46.297785,180.538524
1778539762.830473,rep1_pair13_opp_dir240,-1.288544,-1.288544,2.377671,-2.270292,0.0,2.055535,-0.046019,0.0,-0.01534,17.798603,52.819048,178.220504
1778539763.418282,rep1_pair13_opp_dir240,-1.487962,-1.487962,2.761166,-2.577088,-0.01534,2.377671,-0.046019,0.0,-0.01534,19.637365,59.821652,175.320303
1778539764.011557,rep1_pair13_opp_dir240,-1.656699,-1.656699,3.083302,-2.899224,-0.01534,2.669127,-0.046019,0.0,-0.01534,21.039553,65.62378,172.572641
1778539764.596216,rep1_pair13_opp_dir240,-1.856117,-1.840777,3.420778,-3.20602,-0.01534,2.960583,-0.046019,0.0,-0.01534,22.490654,71.405406,169.536051
1778539765.183869,rep1_pair13_opp_dir240,-2.040195,-2.024855,3.773593,-3.543496,-0.01534,3.313399,-0.046019,0.0,0.0,23.97191,78.15693,165.566631
1778539765.780403,rep1_pair13_opp_dir240,-2.224272,-2.208933,4.080389,-3.865632,-0.01534,3.558836,-0.061359,0.0,0.0,25.084361,83.128078,162.313839
1778539766.488707,rep1_pair13_opp_dir240,-2.42369,-2.43903,4.555924,-4.233788,-0.01534,3.973011,-0.061359,0.0,0.0,26.833166,90.574349,156.7972
1778539771.529716,rep1_pair13_opp_dir240,-2.208933,-2.208933,4.417865,-3.850292,-0.01534,3.819613,-0.061359,0.0,0.0,26.950278,91.140559,156.467976
1778539772.113295,rep1_pair13_opp_dir240,-2.040195,-2.024855,4.06505,-3.543496,-0.01534,3.528156,-0.061359,0.0,0.0,25.370167,85.9582,160.609555
1778539772.688623,rep1_pair13_opp_dir240,-1.856117,-1.840777,3.696894,-3.22136,-0.01534,3.20602,-0.061359,0.0,-0.01534,23.650588,80.503964,164.590593
1778539773.284235,rep1_pair13_opp_dir240,-1.672039,-1.656699,3.328739,-2.899224,-0.01534,2.883884,-0.061359,0.0,0.0,21.680275,74.542491,168.425565
1778539773.838735,rep1_pair13_opp_dir240,-1.487962,-1.487962,2.960583,-2.607768,-0.01534,2.592428,-0.061359,0.0,-0.01534,19.593798,68.548556,171.869721
1778539774.40267,rep1_pair13_opp_dir240,-1.319224,-1.319224,2.638447,-2.285632,-0.01534,2.285632,-0.061359,0.0,-0.01534,17.5536,62.606538,174.876342
1778539774.997004,rep1_pair13_opp_dir240,-1.135146,-1.135146,2.254952,-1.978835,-0.01534,1.978835,-0.061359,0.0,-0.01534,15.352103,55.951302,177.785958
1778539775.572769,rep1_pair13_opp_dir240,-1.012427,-0.951068,1.902136,-1.687379,-0.01534,1.656699,-0.061359,0.0,-0.01534,13.51391,49.673981,180.09118
1778539776.137778,rep1_pair13_opp_dir240,-0.78233,-0.766991,1.533981,-1.349903,-0.01534,1.334563,-0.061359,0.0,-0.01534,11.360959,42.793511,182.30803
1778539776.76356,rep1_pair13_opp_dir240,-0.582913,-0.582913,1.150486,-1.027767,-0.01534,1.027767,-0.061359,0.0,-0.01534,9.07085,36.164463,184.056784
1778539777.342375,rep1_pair13_opp_dir240,-0.398835,-0.429515,0.79767,-0.766991,-0.01534,0.705631,-0.061359,0.0,-0.01534,6.709881,30.042314,185.388378
1778539777.930423,rep1_pair13_opp_dir240,-0.291456,-0.245437,0.429515,-0.490874,-0.01534,0.383495,-0.061359,0.0,-0.01534,4.341572,23.44594,186.49572
1778539778.509816,rep1_pair13_opp_dir240,-0.153398,-0.122718,0.061359,-0.184078,-0.01534,0.061359,-0.061359,0.0,-0.01534,1.775706,18.218743,187.137113
1778539781.022947,rep1_pair13_opp_dir300,0.0,-0.199418,0.092039,-0.107379,-0.153398,0.138058,-0.061359,0.0,-0.01534,-0.613687,17.114736,187.248968
1778539781.613639,rep1_pair13_opp_dir300,0.168738,-0.552233,0.245437,-0.107379,-0.475534,0.398835,-0.061359,0.0,-0.01534,-5.103465,21.59622,186.706494
1778539782.196967,rep1_pair13_opp_dir300,0.322136,-0.920389,0.444854,-0.107379,-0.79767,0.690291,-0.061359,0.0,-0.01534,-8.629206,25.816864,185.964325
1778539782.806023,rep1_pair13_opp_dir300,0.506214,-1.303884,0.582913,-0.107379,-1.119806,0.997088,-0.046019,-0.01534,-0.01534,-12.409795,29.993976,184.992984
1778539783.375592,rep1_pair13_opp_dir300,0.644272,-1.656699,0.720971,-0.107379,-1.441942,1.273204,-0.046019,0.0,0.0,-15.709378,34.121704,183.873004
1778539783.981016,rep1_pair13_opp_dir300,0.82835,-2.024855,0.874369,-0.107379,-1.748738,1.61068,-0.046019,0.0,0.0,-20.082607,39.788957,182.058573
1778539784.519551,rep1_pair13_opp_dir300,0.981748,-2.362331,0.997088,-0.107379,-2.070874,1.902136,-0.046019,0.0,0.0,-23.785963,44.543165,180.254087
1778539785.121942,rep1_pair13_opp_dir300,1.150486,-2.745826,1.211845,-0.107379,-2.39301,2.178253,-0.046019,0.0,0.0,-27.306626,49.940509,178.028037
1778539785.696636,rep1_pair13_opp_dir300,1.288544,-3.113981,1.365243,-0.107379,-2.684467,2.500389,-0.046019,0.0,0.0,-30.670476,55.063913,175.597803
1778539786.263177,rep1_pair13_opp_dir300,1.457282,-3.466797,1.549321,-0.107379,-3.006603,2.791845,-0.046019,0.0,0.0,-34.265043,60.160417,172.825252
1778539786.831123,rep1_pair13_opp_dir300,1.672039,-3.804273,1.687379,-0.107379,-3.313399,3.083302,-0.046019,0.0,0.0,-38.033135,65.562134,169.587872
1778539787.375549,rep1_pair13_opp_dir300,1.825437,-4.172428,1.840777,-0.107379,-3.620195,3.344079,-0.046019,-0.01534,0.0,-41.115066,70.019545,166.60632
1778539787.997346,rep1_pair13_opp_dir300,1.994175,-4.540584,2.040195,-0.107379,-3.926991,3.650875,-0.046019,-0.01534,0.0,-44.475914,75.387264,162.757742
1778539788.586112,rep1_pair13_opp_dir300,2.132234,-4.924079,2.193593,-0.107379,-4.249127,4.00369,-0.046019,-0.01534,0.0,-47.632975,80.5997,158.64052
1778539793.696235,rep1_pair13_opp_dir300,2.162913,-4.356506,2.162913,-0.107379,-3.773593,3.773593,-0.061359,-0.01534,0.0,-47.428458,80.066365,159.151152
1778539794.289153,rep1_pair13_opp_dir300,1.978835,-3.988351,1.978835,-0.107379,-3.451457,3.451457,-0.061359,-0.01534,0.0,-44.905466,75.59031,162.638836
1778539794.860847,rep1_pair13_opp_dir300,1.825437,-3.635535,1.810098,-0.107379,-3.144661,3.129321,-0.046019,-0.01534,0.0,-41.597877,70.560096,166.417233
1778539795.475754,rep1_pair13_opp_dir300,1.62602,-3.25204,1.61068,-0.107379,-2.807185,2.807185,-0.061359,-0.01534,0.0,-37.922137,64.746192,170.263079
1778539796.089281,rep1_pair13_opp_dir300,1.411263,-2.853205,1.426602,-0.107379,-2.485049,2.485049,-0.046019,-0.01534,0.0,-34.00069,59.250998,173.568195
1778539796.661488,rep1_pair13_opp_dir300,1.273204,-2.500389,1.242525,-0.107379,-2.178253,2.162913,-0.046019,-0.01534,0.0,-30.214526,53.603708,176.529281
1778539797.239261,rep1_pair13_opp_dir300,1.073787,-2.147573,1.058447,-0.107379,-1.856117,1.871457,-0.046019,-0.01534,-0.01534,-26.394936,48.031447,179.038745
1778539797.827886,rep1_pair13_opp_dir300,0.874369,-1.779418,0.889709,-0.107379,-1.533981,1.549321,-0.046019,-0.01534,-0.01534,-22.4852,42.944498,181.145575
1778539798.419324,rep1_pair13_opp_dir300,0.705631,-1.395923,0.690291,-0.107379,-1.257864,1.227185,-0.046019,-0.01534,-0.01534,-18.542976,37.462456,183.024209
1778539799.013801,rep1_pair13_opp_dir300,0.521554,-1.027767,0.506214,-0.107379,-0.966408,0.905049,-0.046019,-0.01534,-0.01534,-14.440541,32.309355,184.520177
1778539799.634893,rep1_pair13_opp_dir300,0.337476,-0.659612,0.322136,-0.107379,-0.628932,0.582913,-0.046019,-0.01534,-0.01534,-9.660251,26.574161,185.844034
1778539800.230246,rep1_pair13_opp_dir300,0.153398,-0.383495,0.122718,-0.107379,-0.368155,0.260777,-0.046019,-0.01534,-0.01534,-5.532557,22.250687,186.636643
1778539802.711984,rep1_pair13_opp_dir300_hold,0.0,-0.076699,0.0,-0.107379,-0.092039,0.0,-0.046019,-0.01534,-0.01534,-0.639614,16.995465,187.243194
1778539803.405652,rep1_pair23_same_dir0,0.0,-0.076699,0.0,0.214757,-0.322136,0.0,0.230097,-0.613592,0.214757,-9.246579,14.52957,187.168104
1778539803.994665,rep1_pair23_same_dir0,0.0,-0.076699,0.0,0.506214,-0.659612,0.0,0.567573,-1.196505,0.598253,-19.68912,13.484373,186.009872
1778539804.592766,rep1_pair23_same_dir0,0.0,-0.076699,-0.01534,0.859029,-0.966408,0.0,0.920389,-1.794758,0.935728,-31.103655,11.700827,183.748945
1778539805.173186,rep1_pair23_same_dir0,0.0,-0.076699,-0.01534,1.181165,-1.288544,0.0,1.303884,-2.346991,1.303884,-41.609084,10.075628,180.615939
1778539805.781122,rep1_pair23_same_dir0,0.0,-0.076699,-0.01534,1.503301,-1.61068,0.0,1.64136,-2.929904,1.656699,-51.694344,8.939254,176.61135
1778539806.389667,rep1_pair23_same_dir0,0.0,-0.076699,-0.01534,1.840777,-1.932816,0.0,2.040195,-3.512816,2.040195,-62.521828,7.469065,171.247591
1778539806.982204,rep1_pair23_same_dir0,0.0,-0.076699,-0.03068,2.162913,-2.285632,0.0,2.377671,-4.01903,2.39301,-71.464909,6.830389,165.71022
1778539807.576056,rep1_pair23_same_dir0,0.0,-0.092039,-0.03068,2.515729,-2.592428,0.0,2.730486,-4.586603,2.745826,-80.493887,5.680303,159.064834
1778539808.156462,rep1_pair23_same_dir0,0.0,-0.092039,-0.03068,2.791845,-2.899224,0.0,3.083302,-5.184856,3.098642,-88.661048,5.118855,151.861917
1778539808.727331,rep1_pair23_same_dir0,0.0,-0.092039,-0.03068,3.098642,-3.20602,0.0,3.420778,-5.66039,3.436117,-95.586353,4.498535,144.843511
1778539809.323223,rep1_pair23_same_dir0,0.0,-0.092039,-0.03068,3.466797,-3.528156,0.0,3.819613,-6.304662,3.819613,-103.338799,4.095008,135.661009
1778539809.88983,rep1_pair23_same_dir0,0.0,-0.092039,-0.046019,3.727574,-3.865632,0.0,4.080389,-6.841555,4.157089,-109.462484,4.200654,127.437831
1778539810.489619,rep1_pair23_same_dir0,0.0,-0.092039,-0.046019,4.080389,-4.172428,0.0,4.479225,-7.363109,4.525244,-116.123986,3.945554,117.338272
1778539815.25609,rep1_pair23_same_dir0,0.0,-0.092039,-0.046019,4.080389,-4.04971,0.0,4.663302,-9.556702,4.663302,-119.266017,3.872781,111.57018
1778539815.819961,rep1_pair23_same_dir0,0.0,-0.092039,-0.046019,3.834952,-3.788933,0.0,4.325826,-9.035148,4.310487,-114.409668,3.667146,119.734042
1778539816.422851,rep1_pair23_same_dir0,0.0,-0.092039,-0.046019,3.420778,-3.512816,0.0,3.926991,-8.452235,3.942331,-108.395709,3.792129,129.362843
1778539816.987366,rep1_pair23_same_dir0,0.0,-0.092039,-0.046019,3.129321,-3.175341,0.0,3.589516,-7.961361,3.604855,-102.049804,3.885554,138.288498
1778539817.590327,rep1_pair23_same_dir0,0.0,-0.092039,-0.046019,2.791845,-2.883884,0.0,3.20602,-7.393788,3.20602,-94.754629,4.274144,147.145221
1778539818.173049,rep1_pair23_same_dir0,0.0,-0.092039,-0.046019,2.469709,-2.561748,-0.01534,2.853205,-6.810876,2.853205,-87.180593,4.626452,154.786339
1778539818.751885,rep1_pair23_same_dir0,0.0,-0.092039,-0.046019,2.162913,-2.239612,0.0,2.500389,-6.289322,2.515729,-79.458861,5.112831,161.45631
1778539819.373461,rep1_pair23_same_dir0,0.0,-0.092039,-0.03068,1.825437,-1.948156,0.0,2.101554,-5.69107,2.116894,-70.25947,6.086209,168.101912
1778539819.956634,rep1_pair23_same_dir0,0.0,-0.092039,-0.03068,1.503301,-1.61068,-0.01534,1.733399,-5.092817,1.733399,-60.735816,6.689054,173.667513
1778539820.51196,rep1_pair23_same_dir0,0.0,-0.092039,-0.03068,1.211845,-1.334563,-0.01534,1.380583,-4.540584,1.395923,-51.824582,7.4923,177.869823
1778539821.121596,rep1_pair23_same_dir0,0.0,-0.076699,-0.01534,0.874369,-0.997088,-0.01534,1.012427,-3.988351,0.997088,-41.092214,8.121149,181.88631
1778539821.718268,rep1_pair23_same_dir0,0.0,-0.076699,0.0,0.552233,-0.674952,0.0,0.644272,-3.390098,0.659612,-30.618157,9.018052,184.701367
1778539822.297641,rep1_pair23_same_dir0,0.0,-0.076699,0.0,0.245437,-0.383495,-0.01534,0.276117,-2.853205,0.291456,-20.555753,9.869651,186.535712
1778539823.668952,rep1_pair23_same_dir0_hold,0.0,0.0,0.0,0.0,-0.122718,0.0,0.0,-1.549321,0.0,-11.178946,10.057007,187.554003
1778539824.894505,rep1_pair23_same_dir60,0.0,0.0,0.0,0.01534,-0.107379,-0.03068,0.01534,-0.429515,-0.046019,-7.398057,10.209031,187.744593
1778539825.51453,rep1_pair23_same_dir60,0.0,0.0,0.0,0.260777,-0.092039,-0.383495,0.536893,-0.444854,-0.444854,-8.676504,2.33619,187.98224
1778539826.106474,rep1_pair23_same_dir60,0.0,0.0,0.0,0.567573,-0.092039,-0.705631,1.119806,-0.81301,-0.82835,-13.888471,-7.505612,187.219396
1778539826.672686,rep1_pair23_same_dir60,0.0,0.0,0.0,0.905049,-0.092039,-1.012427,1.672039,-1.165826,-1.165826,-19.193315,-16.036798,185.538055
1778539827.23064,rep1_pair23_same_dir60,0.0,0.0,0.0,1.196505,-0.092039,-1.303884,2.193593,-1.503301,-1.518641,-23.442924,-23.222592,183.434562
1778539827.818407,rep1_pair23_same_dir60,0.0,0.0,0.0,1.487962,-0.092039,-1.62602,2.745826,-1.871457,-1.810098,-28.157911,-30.450653,180.561336
1778539828.42286,rep1_pair23_same_dir60,0.0,0.0,-0.01534,1.825437,-0.092039,-1.963496,3.328739,-2.193593,-2.239612,-32.244771,-38.001086,176.96162
1778539829.014637,rep1_pair23_same_dir60,0.0,0.0,-0.01534,2.132234,-0.092039,-2.285632,3.911652,-2.592428,-2.546408,-36.486609,-45.177988,172.626163
1778539829.631787,rep1_pair23_same_dir60,0.0,0.0,-0.01534,2.500389,-0.092039,-2.592428,4.494564,-2.991263,-2.945244,-40.398586,-52.436048,167.562057
1778539830.206931,rep1_pair23_same_dir60,0.0,0.0,-0.03068,2.776506,-0.092039,-2.945244,5.031458,-3.313399,-3.359418,-43.633399,-58.719545,162.360833
1778539830.801901,rep1_pair23_same_dir60,0.0,0.0,-0.03068,3.083302,-0.092039,-3.175341,5.61437,-3.712234,-3.666215,-46.850692,-64.725685,156.445367
1778539831.39064,rep1_pair23_same_dir60,0.0,0.0,-0.03068,3.436117,-0.092039,-3.574176,6.166604,-4.01903,-4.111069,-49.682639,-70.672608,149.932903
1778539831.952993,rep1_pair23_same_dir60,0.0,0.0,-0.03068,3.681554,-0.092039,-3.865632,6.642138,-4.463885,-4.371846,-51.88035,-75.280538,143.992732
1778539832.556257,rep1_pair23_same_dir60,0.0,0.0,-0.03068,4.01903,-0.092039,-4.126409,7.27107,-4.740001,-4.84738,-54.168632,-80.378315,136.313258
1778539833.12337,rep1_pair23_same_dir60,0.0,0.0,-0.046019,4.187768,-0.092039,-4.325826,7.823303,-4.985438,-4.985438,-55.402636,-83.507389,130.292705
1778539833.723824,rep1_pair23_same_dir60,0.0,0.0,-0.046019,4.187768,-0.092039,-4.325826,8.329517,-4.985438,-4.985438,-55.771498,-85.269653,125.870141
1778539834.314746,rep1_pair23_same_dir60,0.0,0.0,-0.046019,4.249127,-0.092039,-4.325826,8.85107,-4.985438,-4.985438,-55.890391,-87.21508,120.815825
1778539834.918984,rep1_pair23_same_dir60,0.0,0.0,-0.046019,4.249127,-0.046019,-4.325826,9.495342,-4.985438,-4.985438,-55.650435,-89.331738,114.574534
1778539837.406835,rep1_pair23_same_dir60,0.0,0.0,-0.046019,4.03437,-0.01534,-4.095729,9.387964,-4.709322,-4.693982,-54.884819,-88.739371,115.297763
1778539838.003235,rep1_pair23_same_dir60,0.0,0.0,-0.046019,3.727574,-0.01534,-3.758253,8.789711,-4.233788,-4.325826,-53.731277,-85.552257,123.818262
1778539838.568977,rep1_pair23_same_dir60,0.0,0.0,-0.046019,3.359418,-0.01534,-3.482137,8.252818,-3.988351,-3.973011,-52.710798,-81.935475,131.373145
1778539839.164748,rep1_pair23_same_dir60,0.0,0.0,-0.046019,3.083302,-0.01534,-3.144661,7.669905,-3.604855,-3.650875,-50.6469,-77.999743,138.973208
1778539839.747459,rep1_pair23_same_dir60,0.0,0.0,-0.046019,2.715146,0.0,-2.822525,7.117672,-3.26738,-3.282719,-48.264041,-73.061596,146.532468
1778539840.347927,rep1_pair23_same_dir60,0.0,0.0,-0.046019,2.39301,0.0,-2.500389,6.504079,-2.899224,-2.929904,-45.182905,-67.545245,153.835144
1778539840.909815,rep1_pair23_same_dir60,0.0,0.0,-0.03068,2.086214,0.0,-2.193593,5.982526,-2.592428,-2.561748,-42.211617,-61.642879,160.140669
1778539841.547811,rep1_pair23_same_dir60,0.0,0.0,-0.03068,1.764078,0.0,-1.886797,5.368934,-2.193593,-2.224272,-38.431863,-55.078241,166.263224
1778539842.121859,rep1_pair23_same_dir60,0.0,0.0,-0.03068,1.472622,0.0,-1.549321,4.8167,-1.871457,-1.856117,-34.716878,-47.706438,171.65845
1778539842.723484,rep1_pair23_same_dir60,0.0,0.0,-0.01534,1.104466,0.0,-1.257864,4.233788,-1.533981,-1.518641,-30.522412,-39.845793,176.436245
1778539843.307226,rep1_pair23_same_dir60,0.0,0.0,0.0,0.79767,-0.01534,-0.935728,3.650875,-1.165826,-1.181165,-25.991128,-32.037937,180.317478
1778539843.893816,rep1_pair23_same_dir60,0.0,0.0,0.0,0.475534,0.0,-0.613592,3.067962,-0.859029,-0.84369,-21.565246,-23.626278,183.398762
1778539844.507637,rep1_pair23_same_dir60,0.0,0.0,0.0,0.138058,-0.01534,-0.276117,2.469709,-0.444854,-0.506214,-15.768157,-14.084817,185.90905
1778539845.112076,rep1_pair23_same_dir60_hold,0.0,0.0,0.0,0.0,-0.01534,-0.138058,1.917476,-0.260777,-0.306796,-11.216835,-5.990455,187.209371
1778539845.723055,rep1_pair23_same_dir60_hold,0.0,0.0,0.0,-0.01534,-0.01534,-0.107379,1.334563,-0.230097,-0.230097,-8.456647,-1.676031,187.759722
1778539846.306567,rep1_pair23_same_dir60_hold,0.0,0.0,0.0,-0.01534,-0.01534,-0.092039,0.766991,-0.168738,-0.168738,-6.400118,1.139421,187.989417
1778539847.035851,rep1_pair23_same_dir120,0.0,0.0,0.0,-0.01534,0.01534,-0.107379,0.107379,-0.01534,-0.184078,-3.171233,3.707724,188.079143
1778539847.622936,rep1_pair23_same_dir120,0.0,0.0,0.0,-0.01534,0.306796,-0.429515,0.337476,0.352816,-0.766991,2.866551,-1.851298,187.975291
1778539848.213937,rep1_pair23_same_dir120,0.0,0.0,0.0,-0.01534,0.644272,-0.736311,0.705631,0.674952,-1.303884,8.82075,-10.015993,187.122672
1778539848.822734,rep1_pair23_same_dir120,0.0,0.0,0.0,-0.01534,0.966408,-1.073787,1.058447,1.058447,-1.886797,15.172004,-18.557563,185.202953
1778539849.4076,rep1_pair23_same_dir120,0.0,0.0,0.0,-0.01534,1.288544,-1.380583,1.411263,1.380583,-2.45437,20.543945,-26.742351,182.696647
1778539849.969105,rep1_pair23_same_dir120,0.0,0.0,0.0,-0.01534,1.59534,-1.672039,1.733399,1.748738,-2.991263,26.22922,-34.750134,179.230759
1778539850.531804,rep1_pair23_same_dir120,-0.01534,0.01534,0.0,-0.01534,1.886797,-1.978835,2.101554,2.070874,-3.528156,31.045664,-42.316895,175.233115
1778539851.144819,rep1_pair23_same_dir120,0.0,0.0,0.0,-0.01534,2.208933,-2.316311,2.43903,2.45437,-4.111069,36.326315,-50.190208,170.017619
1778539851.739786,rep1_pair23_same_dir120,-0.01534,0.0,-0.01534,-0.01534,2.546408,-2.638447,2.807185,2.822525,-4.709322,41.490432,-57.610487,163.957913
1778539852.327216,rep1_pair23_same_dir120,-0.01534,0.0,-0.01534,-0.01534,2.853205,-2.960583,3.175341,3.144661,-5.261555,45.708829,-64.078958,157.673927
1778539852.911794,rep1_pair23_same_dir120,-0.01534,0.0,-0.01534,-0.01534,3.175341,-3.25204,3.497477,3.528156,-5.829128,50.281104,-69.931771,150.336826
1778539853.497882,rep1_pair23_same_dir120,-0.01534,0.0,-0.01534,-0.01534,3.497477,-3.589516,3.880972,3.865632,-6.412041,53.783246,-75.629626,142.435097
1778539854.068935,rep1_pair23_same_dir120,-0.01534,0.01534,-0.03068,-0.01534,3.788933,-3.896312,4.187768,4.203108,-6.948934,57.098956,-80.016143,134.672362
1778539854.65432,rep1_pair23_same_dir120,-0.01534,0.0,-0.03068,-0.01534,4.141749,-4.203108,4.555924,4.540584,-7.516507,60.189686,-84.728546,125.619041
1778539859.314844,rep1_pair23_same_dir120,-0.01534,0.0,-0.03068,-0.01534,4.06505,-4.157089,4.678642,4.663302,-9.526022,60.919767,-86.26673,121.631398
1778539859.913254,rep1_pair23_same_dir120,-0.01534,0.0,-0.03068,-0.01534,3.819613,-3.773593,4.310487,4.295147,-8.958449,58.057192,-83.077444,129.03781
1778539860.481741,rep1_pair23_same_dir120,-0.01534,0.0,-0.03068,-0.01534,3.436117,-3.512816,3.957671,3.942331,-8.406216,55.201089,-79.146163,137.295531
1778539861.068548,rep1_pair23_same_dir120,-0.01534,0.0,-0.03068,-0.01534,3.129321,-3.20602,3.589516,3.574176,-7.838643,51.912285,-74.332527,145.669591
1778539861.681698,rep1_pair23_same_dir120,-0.01534,0.0,-0.03068,-0.01534,2.791845,-2.868544,3.20602,3.19068,-7.225051,48.292844,-68.543835,153.696199
1778539862.254113,rep1_pair23_same_dir120,-0.01534,0.0,-0.03068,-0.01534,2.45437,-2.577088,2.853205,2.837865,-6.718837,44.229101,-62.646233,160.488015
1778539862.848966,rep1_pair23_same_dir120,-0.01534,0.0,-0.01534,-0.01534,2.147573,-2.239612,2.469709,2.469709,-6.135924,39.666692,-55.357779,167.191364
1778539863.465911,rep1_pair23_same_dir120,-0.01534,0.0,-0.01534,-0.01534,1.810098,-1.917476,2.101554,2.086214,-5.522332,34.909481,-47.921,172.670549
1778539864.061005,rep1_pair23_same_dir120,-0.01534,0.01534,-0.01534,-0.01534,1.487962,-1.59534,1.718059,1.718059,-4.970098,29.724535,-39.622966,177.63929
1778539864.690766,rep1_pair23_same_dir120,-0.01534,0.0,0.0,-0.01534,1.165826,-1.288544,1.334563,1.319224,-4.448545,24.150154,-30.940414,181.671649
1778539865.219174,rep1_pair23_same_dir120,0.0,0.01534,0.0,-0.01534,0.874369,-0.997088,0.997088,0.997088,-3.850292,19.388847,-23.212574,184.324665
1778539865.798958,rep1_pair23_same_dir120,0.0,0.0,0.0,-0.01534,0.552233,-0.690291,0.628932,0.628932,-3.282719,14.048509,-15.077946,186.388437
1778539866.379101,rep1_pair23_same_dir120,0.0,0.0,0.0,-0.01534,0.230097,-0.352816,0.276117,0.276117,-2.791845,8.261631,-6.356528,187.73525
1778539867.990416,rep1_pair23_same_dir120_hold,0.0,0.0,0.0,-0.01534,0.0,-0.122718,0.0,0.0,-1.257864,3.459423,0.53729,188.140004
1778539869.074159,rep1_pair23_same_dir180,0.0,0.0,0.01534,-0.046019,0.03068,-0.107379,-0.061359,0.01534,-0.291456,1.558028,4.049784,188.022622
1778539869.657217,rep1_pair23_same_dir180,0.0,0.0,0.0,-0.368155,0.276117,-0.092039,-0.429515,0.475534,-0.414175,9.279585,7.218098,187.464397
1778539870.244097,rep1_pair23_same_dir180,0.0,0.0,0.0,-0.690291,0.598253,-0.092039,-0.79767,1.027767,-0.78233,19.594546,7.19719,186.168907
1778539870.831708,rep1_pair23_same_dir180,0.0,0.0,0.0,-0.997088,0.889709,-0.092039,-1.150486,1.59534,-1.135146,28.982952,7.063143,184.173871
1778539871.389157,rep1_pair23_same_dir180,0.0,0.0,0.0,-1.303884,1.196505,-0.092039,-1.503301,2.147573,-1.503301,38.058951,6.769341,181.411324
1778539871.940341,rep1_pair23_same_dir180,-0.01534,0.0,0.0,-1.58,1.487962,-0.092039,-1.856117,2.669127,-1.779418,46.060149,6.606248,178.303993
1778539872.524106,rep1_pair23_same_dir180,-0.01534,0.0,0.0,-1.917476,1.794758,-0.092039,-2.224272,3.2367,-2.208933,54.400287,6.108964,174.297913
1778539873.081273,rep1_pair23_same_dir180,-0.01534,0.0,0.0,-2.224272,2.086214,-0.092039,-2.561748,3.758253,-2.515729,61.822357,5.899547,169.922863
1778539873.65342,rep1_pair23_same_dir180,-0.01534,0.0,0.0,-2.515729,2.42369,-0.092039,-2.914564,4.310487,-2.822525,69.684869,5.587522,164.471121
1778539874.235592,rep1_pair23_same_dir180,-0.01534,0.0,0.0,-2.853205,2.684467,-0.092039,-3.282719,4.83204,-3.282719,76.116219,5.314559,159.067742
1778539874.840452,rep1_pair23_same_dir180,-0.01534,0.0,0.0,-3.160001,3.037282,-0.092039,-3.666215,5.445633,-3.558836,83.179495,5.008705,152.089402
1778539875.40421,rep1_pair23_same_dir180,-0.01534,0.01534,0.0,-3.482137,3.344079,-0.092039,-4.01903,5.982526,-4.00369,89.000083,4.517039,145.401071
1778539876.01505,rep1_pair23_same_dir180,-0.01534,0.0,0.0,-3.804273,3.650875,-0.092039,-4.402525,6.550099,-4.295147,94.11472,4.189592,138.377532
1778539876.606652,rep1_pair23_same_dir180,-0.01534,0.0,0.0,-4.111069,3.988351,-0.092039,-4.755341,7.102332,-4.755341,99.071545,3.618351,130.317148
1778539877.170645,rep1_pair23_same_dir180,-0.03068,0.0,0.0,-4.325826,4.203108,-0.092039,-4.985438,7.654565,-4.970098,102.436797,3.251262,123.196339
1778539878.08152,rep1_pair23_same_dir180,-0.03068,0.0,0.0,-4.325826,4.218448,-0.092039,-4.985438,8.513595,-4.985438,104.557402,3.928905,114.871105
1778539878.670875,rep1_pair23_same_dir180,-0.03068,0.0,0.0,-4.325826,4.264467,-0.061359,-4.985438,9.050488,-4.985438,106.024738,4.439137,108.401546
1778539879.336381,rep1_pair23_same_dir180,-0.03068,0.0,0.0,-4.325826,4.279807,0.0,-4.985438,9.587381,-4.985438,107.122164,5.039322,101.611697
1778539881.930768,rep1_pair23_same_dir180,-0.03068,0.0,0.0,-3.896312,3.896312,0.0,-4.402525,9.019808,-4.525244,104.270939,6.187696,109.830543
1778539882.607568,rep1_pair23_same_dir180,-0.03068,0.0,0.0,-3.543496,3.451457,0.0,-4.00369,8.375536,-4.06505,101.050957,7.966489,120.055892
1778539883.191277,rep1_pair23_same_dir180,-0.03068,0.0,0.0,-3.22136,3.160001,0.0,-3.742914,7.792623,-3.727574,97.490306,9.193946,128.405855
1778539883.764464,rep1_pair23_same_dir180,-0.03068,0.0,0.0,-2.914564,2.822525,0.0,-3.359418,7.24039,-3.374758,93.14441,9.946098,136.50208
1778539884.360687,rep1_pair23_same_dir180,-0.03068,0.01534,0.0,-2.607768,2.500389,0.0,-3.006603,6.657478,-3.037282,87.703863,10.449636,144.598197
1778539884.955277,rep1_pair23_same_dir180,-0.01534,0.0,0.0,-2.270292,2.162913,0.0,-2.638447,6.074565,-2.653787,81.446594,10.96314,152.134003
1778539885.522612,rep1_pair23_same_dir180,-0.01534,0.0,0.0,-1.994175,1.856117,0.0,-2.316311,5.522332,-2.316311,74.981786,11.459787,158.794894
1778539886.080431,rep1_pair23_same_dir180,-0.01534,0.0,0.0,-1.702719,1.549321,0.0,-1.978835,4.970098,-1.994175,67.869164,11.610076,164.839521
1778539886.673858,rep1_pair23_same_dir180,-0.01534,0.0,0.0,-1.365243,1.242525,0.0,-1.64136,4.402525,-1.64136,59.424921,11.933812,170.711285
1778539887.23982,rep1_pair23_same_dir180,-0.01534,0.01534,0.0,-1.073787,0.920389,-0.01534,-1.303884,3.834952,-1.303884,50.791078,11.918396,175.560107
1778539887.791114,rep1_pair23_same_dir180,0.0,0.0,0.0,-0.766991,0.628932,0.0,-0.981748,3.298059,-1.012427,41.939828,11.684982,179.539759
1778539888.344237,rep1_pair23_same_dir180,0.0,0.0,0.0,-0.490874,0.322136,-0.01534,-0.659612,2.776506,-0.674952,32.550563,11.704059,182.724217
1778539888.940424,rep1_pair23_same_dir180,0.0,0.0,0.0,-0.168738,0.0,0.0,-0.306796,2.162913,-0.291456,21.762333,11.4855,185.331586
1778539889.547336,rep1_pair23_same_dir180_hold,0.0,0.0,0.0,-0.122718,-0.01534,-0.01534,-0.260777,1.59534,-0.230097,16.115862,11.554813,186.440527
1778539890.149899,rep1_pair23_same_dir180_hold,0.0,0.0,0.0,-0.122718,-0.01534,-0.01534,-0.245437,0.997088,-0.199418,12.427429,11.455703,187.0299
1778539890.748495,rep1_pair23_same_dir180_hold,0.0,0.0,0.0,-0.122718,-0.01534,-0.01534,-0.168738,0.460194,-0.168738,8.593512,11.42513,187.443123
1778539891.520761,rep1_pair23_same_dir240,0.0,0.0,0.0,-0.260777,-0.01534,0.138058,-0.475534,0.168738,0.153398,7.021352,14.78094,187.209092
1778539892.091837,rep1_pair23_same_dir240,0.0,0.0,0.0,-0.567573,-0.01534,0.444854,-1.043107,0.506214,0.475534,11.391737,23.434883,185.616689
1778539892.690534,rep1_pair23_same_dir240,0.0,0.0,0.0,-0.874369,0.0,0.766991,-1.61068,0.84369,0.859029,15.677914,32.800196,182.98337
1778539893.264535,rep1_pair23_same_dir240,0.0,-0.01534,0.0,-1.181165,0.0,1.089127,-2.193593,1.196505,1.181165,19.940506,41.036612,179.750741
1778539893.873454,rep1_pair23_same_dir240,0.0,-0.01534,0.0,-1.518641,0.0,1.411263,-2.761166,1.564661,1.564661,24.2759,49.58787,175.447278
1778539894.460924,rep1_pair23_same_dir240,-0.01534,-0.01534,0.0,-1.840777,0.0,1.718059,-3.328739,1.932816,1.917476,28.569039,57.443282,170.529044
1778539895.066237,rep1_pair23_same_dir240,0.0,-0.01534,0.0,-2.147573,0.0,2.070874,-3.926991,2.254952,2.300972,32.461739,65.210648,164.765312
1778539895.674761,rep1_pair23_same_dir240,0.0,-0.01534,0.0,-2.500389,0.0,2.40835,-4.509904,2.653787,2.623108,36.602817,72.756611,157.922404
1778539896.25799,rep1_pair23_same_dir240,-0.01534,-0.01534,0.0,-2.822525,0.0,2.730486,-5.077477,2.991263,3.021943,39.958087,79.764345,150.575813
1778539896.841024,rep1_pair23_same_dir240,-0.01534,-0.01534,0.0,-3.113981,0.0,3.037282,-5.64505,3.328739,3.344079,43.08963,85.6653,143.033771
1778539897.394661,rep1_pair23_same_dir240,-0.01534,-0.01534,0.0,-3.405438,0.0,3.359418,-6.181943,3.696894,3.681554,46.12925,91.080326,134.826452
1778539897.999032,rep1_pair23_same_dir240,-0.01534,-0.01534,0.0,-3.758253,0.0,3.666215,-6.764856,4.01903,4.06505,48.435472,95.964845,125.992508
1778539898.594253,rep1_pair23_same_dir240,-0.01534,-0.01534,0.0,-4.080389,0.0,3.973011,-7.347769,4.417865,4.417865,51.06451,99.78872,116.592776
1778539903.762243,rep1_pair23_same_dir240,-0.01534,-0.01534,0.0,-3.926991,0.0,3.957671,-9.341944,4.540584,4.525244,52.447324,100.914558,111.068232
1778539904.333106,rep1_pair23_same_dir240,-0.01534,-0.01534,0.0,-3.635535,0.0,3.620195,-8.759032,4.172428,4.172428,50.391867,97.808815,120.44972
1778539904.924634,rep1_pair23_same_dir240,-0.01534,-0.01534,0.0,-3.374758,0.0,3.328739,-8.160779,3.819613,3.819613,48.125779,94.067792,129.813237
1778539905.536199,rep1_pair23_same_dir240,-0.01534,-0.01534,0.0,-2.991263,0.0,2.975923,-7.577866,3.436117,3.436117,44.878271,89.312939,139.196779
1778539906.106615,rep1_pair23_same_dir240,-0.01534,-0.01534,0.0,-2.699807,0.0,2.669127,-7.025633,3.067962,3.067962,41.800424,83.912933,147.428762
1778539906.696218,rep1_pair23_same_dir240,-0.01534,-0.01534,0.0,-2.42369,0.0,2.346991,-6.4734,2.699807,2.699807,38.512867,78.141213,154.685081
1778539907.28228,rep1_pair23_same_dir240,-0.01534,-0.01534,0.0,-2.132234,0.0,2.040195,-5.921167,2.331651,2.331651,34.770691,71.591792,161.481154
1778539907.863103,rep1_pair23_same_dir240,-0.01534,-0.01534,0.0,-1.825437,-0.01534,1.718059,-5.353594,1.978835,1.978835,31.086076,64.395498,167.482638
1778539908.449145,rep1_pair23_same_dir240,-0.01534,-0.01534,0.0,-1.518641,-0.01534,1.411263,-4.755341,1.61068,1.61068,26.694681,56.781453,172.884751
1778539909.054962,rep1_pair23_same_dir240,0.0,0.0,0.0,-1.211845,-0.01534,1.089127,-4.172428,1.227185,1.257864,22.401806,48.469321,177.530015
1778539909.653637,rep1_pair23_same_dir240,0.0,0.0,0.0,-0.889709,0.0,0.751651,-3.604855,0.874369,0.874369,17.677571,39.474222,181.495658
1778539910.273942,rep1_pair23_same_dir240,0.0,0.0,0.0,-0.552233,-0.01534,0.398835,-2.975923,0.475534,0.475534,12.21539,29.494204,184.715408
1778539910.824327,rep1_pair23_same_dir240,0.0,0.0,0.0,-0.260777,-0.01534,0.107379,-2.45437,0.138058,0.138058,7.631113,21.328978,186.553352
1778539912.577998,rep1_pair23_same_dir240_hold,0.0,0.0,0.0,-0.122718,-0.01534,0.0,-0.84369,0.0,0.0,4.616689,16.837514,187.282204
1778539913.440724,rep1_pair23_same_dir300,0.0,0.0,0.0,-0.107379,-0.168738,0.122718,-0.260777,-0.199418,0.184078,0.078772,16.390666,187.368161
1778539914.024344,rep1_pair23_same_dir300,0.0,0.0,0.0,-0.107379,-0.521554,0.398835,-0.598253,-0.582913,0.766991,-5.784096,23.28857,186.245401
1778539914.594713,rep1_pair23_same_dir300,0.0,0.0,0.0,-0.107379,-0.79767,0.674952,-0.935728,-0.920389,1.319224,-10.364779,30.558314,184.404383
1778539915.207241,rep1_pair23_same_dir300,0.0,0.0,0.0,-0.107379,-1.135146,1.027767,-1.319224,-1.303884,1.917476,-15.031077,38.321257,181.698917
1778539915.779443,rep1_pair23_same_dir300,0.0,-0.01534,0.0,-0.107379,-1.441942,1.319224,-1.687379,-1.672039,2.45437,-18.961773,45.442422,178.53287
1778539916.345667,rep1_pair23_same_dir300,0.0,-0.01534,0.0,-0.107379,-1.748738,1.62602,-2.024855,-2.009515,2.991263,-22.58199,52.190683,174.883155
1778539916.925409,rep1_pair23_same_dir300,0.0,-0.01534,0.0,-0.107379,-2.055535,1.948156,-2.40835,-2.331651,3.512816,-25.799722,58.975321,170.595175
1778539917.49904,rep1_pair23_same_dir300,0.01534,-0.01534,0.0,-0.107379,-2.39301,2.270292,-2.745826,-2.745826,4.080389,-29.020833,64.972237,165.964837
1778539918.090285,rep1_pair23_same_dir300,0.01534,-0.01534,0.0,-0.107379,-2.699807,2.592428,-3.129321,-3.052622,4.617283,-32.087782,71.216357,160.478105
1778539918.636502,rep1_pair23_same_dir300,0.0,-0.01534,0.0,-0.107379,-2.991263,2.868544,-3.451457,-3.420778,5.123497,-34.867425,76.328638,155.131127
1778539919.26635,rep1_pair23_same_dir300,0.0,-0.01534,0.0,-0.107379,-3.328739,3.20602,-3.850292,-3.773593,5.752429,-37.676811,81.47403,148.658886
1778539919.863439,rep1_pair23_same_dir300,0.0,-0.01534,0.0,-0.107379,-3.666215,3.543496,-4.233788,-4.157089,6.304662,-40.219938,86.404735,141.53704
1778539920.398973,rep1_pair23_same_dir300,0.0,-0.01534,0.0,-0.107379,-3.942331,3.819613,-4.571263,-4.509904,6.780196,-41.982305,89.921065,135.497909
1778539921.007169,rep1_pair23_same_dir300,0.0,-0.03068,0.0,-0.107379,-4.264467,4.126409,-4.939419,-4.83204,7.363109,-44.015499,93.706169,127.622473
1778539921.574645,rep1_pair23_same_dir300,0.01534,-0.03068,0.0,-0.107379,-4.325826,4.233788,-4.985438,-4.985438,7.884662,-45.157868,95.501249,122.118949
1778539922.14902,rep1_pair23_same_dir300,0.01534,-0.03068,0.0,-0.107379,-4.325826,4.249127,-4.985438,-4.985438,8.421556,-46.719069,96.751977,116.410508
1778539926.340977,rep1_pair23_same_dir300,0.01534,-0.03068,0.0,-0.092039,-3.650875,3.650875,-4.264467,-4.218448,8.743692,-48.331089,95.25184,114.921438
1778539926.931223,rep1_pair23_same_dir300,0.0,-0.03068,0.0,-0.092039,-3.374758,3.328739,-3.942331,-3.942331,8.191459,-46.641448,92.094424,123.732938
1778539927.541013,rep1_pair23_same_dir300,0.0,-0.03068,0.0,-0.092039,-3.021943,3.006603,-3.574176,-3.543496,7.593206,-44.470638,88.555643,132.53615
1778539928.115684,rep1_pair23_same_dir300,0.01534,-0.03068,0.0,-0.092039,-2.791845,2.699807,-3.22136,-3.2367,7.025633,-42.937815,85.057251,139.519348
1778539928.68665,rep1_pair23_same_dir300,0.0,-0.03068,0.0,-0.092039,-2.45437,2.377671,-2.883884,-2.853205,6.504079,-40.316011,80.920046,146.761431
1778539929.315685,rep1_pair23_same_dir300,0.01534,-0.03068,0.0,-0.092039,-2.132234,2.040195,-2.515729,-2.500389,5.921167,-37.61941,75.979244,153.603122
1778539929.887666,rep1_pair23_same_dir300,0.01534,-0.01534,0.0,-0.092039,-1.825437,1.748738,-2.193593,-2.147573,5.338254,-34.035022,70.721605,159.895464
1778539930.490153,rep1_pair23_same_dir300,0.0,-0.01534,0.0,-0.092039,-1.487962,1.411263,-1.840777,-1.810098,4.755341,-30.15897,64.576736,165.89434
1778539931.04938,rep1_pair23_same_dir300,0.01534,-0.01534,0.0,-0.092039,-1.227185,1.089127,-1.503301,-1.472622,4.218448,-26.333068,58.580691,170.735028
1778539931.658251,rep1_pair23_same_dir300,0.0,-0.01534,0.0,-0.092039,-0.889709,0.78233,-1.150486,-1.104466,3.635535,-21.348596,51.225674,175.659937
1778539932.22558,rep1_pair23_same_dir300,0.01534,0.0,0.0,-0.107379,-0.613592,0.475534,-0.81301,-0.79767,3.098642,-16.966381,44.265843,179.349157
1778539932.786844,rep1_pair23_same_dir300,0.01534,0.0,0.0,-0.107379,-0.306796,0.168738,-0.475534,-0.429515,2.561748,-11.909067,36.880278,182.427825
1778539933.424809,rep1_pair23_same_dir300_hold,0.0,0.0,0.0,-0.107379,-0.122718,0.0,-0.260777,-0.260777,1.963496,-7.414003,29.213596,184.795295
1778539934.015606,rep1_pair23_same_dir300_hold,0.0,0.0,0.0,-0.107379,-0.107379,0.0,-0.260777,-0.199418,1.395923,-5.384956,25.212368,185.858749
1778539934.625302,rep1_pair23_same_dir300_hold,0.0,0.0,0.0,-0.107379,-0.107379,0.0,-0.199418,-0.168738,0.81301,-3.878444,21.412169,186.669463
1778539935.340121,rep1_pair23_opp_dir0,0.0,0.0,0.0,-0.03068,-0.107379,-0.01534,-0.138058,-0.138058,0.122718,-2.520856,17.607814,187.287669
1778539935.88725,rep1_pair23_opp_dir0,0.0,0.0,0.0,0.260777,-0.383495,0.0,-0.122718,-0.138058,0.0,-5.511671,16.18413,187.356739
1778539936.574632,rep1_pair23_opp_dir0,0.0,0.0,0.0,0.598253,-0.766991,0.0,-0.122718,-0.138058,0.0,-9.462028,15.324568,187.199615
1778539937.154712,rep1_pair23_opp_dir0,0.0,0.0,-0.01534,0.889709,-1.073787,0.0,-0.107379,-0.138058,0.0,-13.453871,14.329302,186.962547
1778539937.755183,rep1_pair23_opp_dir0,0.0,0.0,-0.01534,1.196505,-1.395923,-0.01534,-0.107379,-0.138058,0.0,-17.542622,13.049861,186.56076
1778539938.349604,rep1_pair23_opp_dir0,0.0,0.0,-0.01534,1.487962,-1.733399,-0.01534,-0.107379,-0.138058,0.0,-21.426527,11.555949,186.056234
1778539938.90399,rep1_pair23_opp_dir0,0.01534,0.0,-0.01534,1.794758,-2.040195,-0.01534,-0.092039,-0.138058,0.0,-25.698916,9.890189,185.375314
1778539939.508036,rep1_pair23_opp_dir0,0.01534,0.0,-0.01534,2.040195,-2.362331,-0.01534,-0.092039,-0.138058,0.0,-29.327818,8.441137,184.671352
1778539940.098353,rep1_pair23_opp_dir0,0.0,0.0,-0.01534,2.39301,-2.669127,-0.01534,0.0,-0.138058,0.0,-33.916157,6.566349,183.600242
1778539940.666462,rep1_pair23_opp_dir0,0.01534,0.0,-0.01534,2.669127,-2.991263,-0.01534,0.0,-0.153398,0.0,-37.464708,4.834642,182.679531
1778539941.346881,rep1_pair23_opp_dir0,0.0,0.0,-0.03068,2.975923,-3.344079,-0.01534,0.0,-0.138058,0.0,-41.660822,2.910667,181.395002
1778539941.920436,rep1_pair23_opp_dir0,0.0,-0.01534,-0.03068,3.26738,-3.650875,-0.01534,0.0,-0.153398,0.0,-45.731186,1.142977,179.985174
1778539942.566439,rep1_pair23_opp_dir0,0.0,-0.01534,-0.03068,3.543496,-4.00369,-0.01534,0.0,-0.153398,0.0,-49.035826,-0.259705,178.735814
1778539943.166458,rep1_pair23_opp_dir0,0.0,-0.01534,-0.03068,3.865632,-4.325826,-0.01534,0.0,-0.153398,0.0,-53.113759,-2.039906,177.003046
1778539948.721211,rep1_pair23_opp_dir0,0.01534,-0.01534,-0.03068,3.436117,-3.451457,-0.03068,0.0,-0.153398,0.0,-50.094047,-0.749018,178.386499
1778539949.425235,rep1_pair23_opp_dir0,0.01534,-0.01534,-0.03068,3.067962,-3.067962,-0.03068,0.0,-0.153398,0.0,-45.803208,0.824191,180.150326
1778539950.004249,rep1_pair23_opp_dir0,0.0,-0.01534,-0.03068,2.761166,-2.776506,-0.01534,0.0,-0.153398,0.0,-41.962245,2.130015,181.553445
1778539950.682405,rep1_pair23_opp_dir0,0.0,-0.01534,-0.03068,2.39301,-2.39301,-0.01534,-0.01534,-0.153398,0.0,-37.284288,3.640266,183.02743
1778539951.249315,rep1_pair23_opp_dir0,0.0,-0.01534,-0.03068,2.086214,-2.086214,-0.01534,0.0,-0.153398,0.0,-33.455921,4.925106,184.089172
1778539951.849484,rep1_pair23_opp_dir0,0.0,-0.01534,-0.03068,1.748738,-1.764078,-0.01534,0.0,-0.153398,0.0,-29.395458,6.362516,185.031275
1778539952.413647,rep1_pair23_opp_dir0,0.01534,0.0,-0.01534,1.457282,-1.472622,-0.01534,-0.01534,-0.153398,0.0,-25.917094,7.480302,185.713269
1778539953.003573,rep1_pair23_opp_dir0,0.0,0.0,0.0,1.135146,-1.196505,0.0,-0.01534,-0.153398,0.0,-21.615154,8.799986,186.404364
1778539953.574397,rep1_pair23_opp_dir0,0.01534,0.0,0.0,0.84369,-0.874369,0.0,-0.01534,-0.153398,0.0,-17.88288,9.468717,186.890342
1778539954.155605,rep1_pair23_opp_dir0,0.0,0.0,0.0,0.521554,-0.613592,0.0,-0.01534,-0.138058,0.0,-14.056341,10.270724,187.269563
1778539954.74989,rep1_pair23_opp_dir0,0.0,0.0,0.0,0.214757,-0.337476,0.0,-0.01534,-0.153398,0.0,-10.113311,10.847005,187.54552
1778539957.414067,rep1_pair23_opp_dir60,0.0,0.0,0.0,0.107379,-0.107379,-0.107379,-0.01534,-0.153398,0.0,-6.712853,10.386142,187.72761
1778539958.408233,rep1_pair23_opp_dir60,0.0,0.0,0.0,0.506214,-0.107379,-0.628932,-0.01534,-0.153398,0.0,-8.784602,7.135579,187.786055
1778539959.104205,rep1_pair23_opp_dir60,0.01534,0.0,0.0,0.859029,-0.107379,-1.012427,-0.01534,-0.153398,0.0,-10.932811,2.890194,187.720952
1778539959.708717,rep1_pair23_opp_dir60,0.0,0.0,0.0,1.181165,-0.107379,-1.349903,-0.01534,-0.153398,-0.01534,-12.80286,-0.677675,187.538468
1778539960.299196,rep1_pair23_opp_dir60,0.0,0.0,0.0,1.441942,-0.107379,-1.672039,-0.01534,-0.153398,0.0,-14.717182,-4.097163,187.218185
1778539960.858367,rep1_pair23_opp_dir60,0.0,0.0,0.0,1.748738,-0.107379,-1.978835,0.0,-0.138058,0.0,-16.905358,-8.005631,186.675425
1778539961.558701,rep1_pair23_opp_dir60,0.01534,0.0,-0.01534,2.070874,-0.107379,-2.346991,0.0,-0.138058,-0.01534,-19.310817,-11.988146,185.937571
1778539962.137772,rep1_pair23_opp_dir60,0.01534,0.0,0.0,2.40835,-0.107379,-2.669127,0.0,-0.138058,-0.01534,-21.873112,-16.100258,184.993068
1778539962.966786,rep1_pair23_opp_dir60,0.01534,0.0,-0.01534,2.745826,-0.107379,-3.098642,0.01534,-0.153398,-0.01534,-24.496604,-20.412555,183.827558
1778539963.65517,rep1_pair23_opp_dir60,0.0,0.0,-0.01534,3.144661,-0.107379,-3.482137,0.0,-0.153398,-0.01534,-27.629093,-25.262345,182.20448
1778539964.25596,rep1_pair23_opp_dir60,0.0,0.0,-0.01534,3.466797,-0.107379,-3.804273,0.0,-0.138058,-0.01534,-30.035401,-29.057569,180.723143
1778539965.062096,rep1_pair23_opp_dir60,0.0,0.0,-0.03068,3.758253,-0.122718,-4.187768,0.0,-0.153398,-0.01534,-32.575203,-33.075176,178.984349
1778539970.28863,rep1_pair23_opp_dir60,0.0,0.0,-0.03068,3.712234,-0.122718,-3.727574,0.0,-0.153398,-0.01534,-33.00154,-34.40092,178.503115
1778539970.882981,rep1_pair23_opp_dir60,0.0,0.0,-0.03068,3.390098,-0.122718,-3.436117,0.0,-0.153398,-0.01534,-30.658567,-31.030664,180.133709
1778539971.491601,rep1_pair23_opp_dir60,0.0,0.0,-0.03068,3.067962,-0.122718,-3.067962,0.0,-0.153398,-0.01534,-27.99198,-27.15802,181.828079
1778539972.080155,rep1_pair23_opp_dir60,0.0,0.0,-0.03068,2.745826,-0.122718,-2.745826,0.0,-0.153398,-0.01534,-25.435829,-23.585003,183.196118
1778539972.657647,rep1_pair23_opp_dir60,0.0,0.0,-0.03068,2.43903,-0.107379,-2.45437,0.0,-0.153398,-0.01534,-22.920043,-20.021111,184.380697
1778539973.365171,rep1_pair23_opp_dir60,0.01534,0.0,-0.01534,2.055535,-0.107379,-2.055535,-0.01534,-0.153398,-0.01534,-19.81905,-15.620412,185.60418
1778539973.958936,rep1_pair23_opp_dir60,0.0,0.0,-0.01534,1.718059,-0.107379,-1.733399,0.0,-0.153398,-0.01534,-17.251664,-12.018979,186.424977
1778539974.541762,rep1_pair23_opp_dir60,0.0,0.0,0.0,1.426602,-0.092039,-1.441942,0.0,-0.138058,-0.01534,-15.011057,-8.83172,187.005124
1778539975.212043,rep1_pair23_opp_dir60,0.0,0.0,0.0,1.058447,-0.092039,-1.073787,-0.01534,-0.153398,-0.01534,-12.203653,-4.810028,187.544911
1778539975.792166,rep1_pair23_opp_dir60,0.01534,0.0,0.0,0.751651,-0.076699,-0.82835,-0.01534,-0.153398,-0.01534,-10.229762,-1.854263,187.824207
1778539976.380908,rep1_pair23_opp_dir60,0.0,0.0,0.0,0.429515,-0.092039,-0.521554,-0.01534,-0.153398,-0.01534,-8.051939,1.741198,187.967411
1778539976.949622,rep1_pair23_opp_dir60,0.01534,0.0,0.0,0.138058,-0.076699,-0.230097,-0.01534,-0.153398,-0.01534,-6.188168,5.493021,188.006959
1778539979.724343,rep1_pair23_opp_dir120,0.0,0.0,0.0,-0.01534,0.138058,-0.260777,-0.01534,-0.153398,-0.01534,-3.842925,5.635983,188.040811
1778539980.389144,rep1_pair23_opp_dir120,0.01534,0.0,0.0,-0.01534,0.490874,-0.613592,-0.01534,-0.153398,-0.01534,-0.678768,2.31289,188.111691
1778539980.976209,rep1_pair23_opp_dir120,0.0,0.0,0.0,-0.01534,0.78233,-0.920389,-0.01534,-0.138058,-0.01534,2.162491,-0.558419,188.017753
1778539981.574236,rep1_pair23_opp_dir120,0.0,0.0,0.0,-0.01534,1.058447,-1.257864,-0.01534,-0.138058,-0.01534,5.007028,-3.350336,187.817348
1778539982.164625,rep1_pair23_opp_dir120,0.0,0.0,0.0,-0.01534,1.380583,-1.564661,-0.01534,-0.107379,-0.01534,8.229047,-6.237734,187.44238
1778539982.87563,rep1_pair23_opp_dir120,0.0,0.0,0.0,-0.03068,1.718059,-1.948156,-0.01534,-0.107379,-0.01534,11.620713,-9.608243,186.873041
1778539983.474169,rep1_pair23_opp_dir120,0.0,0.0,0.0,-0.01534,2.024855,-2.254952,-0.01534,-0.107379,-0.01534,14.634432,-12.536543,186.217347
1778539984.043647,rep1_pair23_opp_dir120,-0.01534,0.0,0.0,-0.03068,2.346991,-2.592428,-0.01534,-0.092039,-0.01534,17.757357,-15.582089,185.384076
1778539984.975529,rep1_pair23_opp_dir120,0.0,0.0,0.0,-0.03068,2.761166,-3.083302,-0.01534,-0.046019,-0.01534,22.321999,-19.489588,183.982847
1778539985.77603,rep1_pair23_opp_dir120,-0.01534,0.0,0.0,-0.03068,3.175341,-3.528156,-0.01534,-0.01534,-0.01534,26.991854,-23.485792,182.289628
1778539986.591786,rep1_pair23_opp_dir120,-0.01534,0.0,0.0,-0.03068,3.589516,-3.942331,-0.01534,0.0,-0.01534,31.556533,-27.195755,180.340464
1778539992.258752,rep1_pair23_opp_dir120,-0.01534,0.0,-0.01534,-0.046019,3.742914,-3.758253,-0.01534,0.0,-0.03068,34.266422,-29.847445,178.968962
1778539993.099847,rep1_pair23_opp_dir120,-0.01534,0.0,-0.01534,-0.046019,3.313399,-3.359418,-0.01534,0.0,-0.03068,30.29627,-26.919008,180.897105
1778539993.813912,rep1_pair23_opp_dir120,-0.01534,0.01534,-0.01534,-0.03068,2.914564,-2.945244,-0.01534,0.0,-0.03068,26.353088,-23.525904,182.692884
1778539994.387584,rep1_pair23_opp_dir120,-0.01534,0.0,0.0,-0.03068,2.623108,-2.623108,-0.01534,0.0,-0.03068,23.406989,-20.775409,183.841121
1778539994.992813,rep1_pair23_opp_dir120,-0.01534,0.0,0.0,-0.03068,2.285632,-2.285632,-0.01534,-0.01534,-0.03068,19.962568,-17.359852,185.058807
1778539995.583358,rep1_pair23_opp_dir120,-0.01534,0.0,0.0,-0.03068,1.963496,-1.963496,-0.01534,0.0,-0.03068,17.050548,-14.381993,185.956658
1778539996.192163,rep1_pair23_opp_dir120,0.0,0.0,0.0,-0.03068,1.64136,-1.64136,-0.01534,-0.01534,-0.03068,14.049717,-11.246956,186.687252
1778539996.775917,rep1_pair23_opp_dir120,0.0,0.0,0.0,-0.01534,1.319224,-1.319224,-0.01534,0.0,-0.03068,11.430421,-8.420572,187.230971
1778539997.362691,rep1_pair23_opp_dir120,0.0,0.0,0.0,-0.01534,0.997088,-1.012427,-0.01534,0.0,-0.03068,8.92247,-5.613408,187.620856
1778539997.964887,rep1_pair23_opp_dir120,0.0,0.0,0.0,-0.01534,0.690291,-0.78233,-0.01534,-0.01534,-0.03068,6.725244,-3.145057,187.872392
1778539998.573137,rep1_pair23_opp_dir120,0.0,0.0,0.0,-0.01534,0.352816,-0.460194,-0.01534,-0.01534,-0.03068,4.606452,-0.274071,188.045331
1778539999.183777,rep1_pair23_opp_dir120,0.0,0.0,0.0,-0.01534,0.01534,-0.122718,-0.01534,-0.01534,-0.01534,2.328903,2.837997,188.082402
1778540002.192118,rep1_pair23_opp_dir180,0.0,0.0,0.0,-0.460194,0.368155,-0.092039,-0.01534,-0.01534,-0.03068,4.437207,3.742068,187.985248
1778540003.00049,rep1_pair23_opp_dir180,0.0,0.0,0.0,-0.905049,0.766991,-0.092039,-0.01534,-0.01534,-0.01534,8.410697,4.107698,187.740782
1778540003.705196,rep1_pair23_opp_dir180,0.0,0.0,0.0,-1.303884,1.119806,-0.107379,-0.01534,0.0,-0.01534,12.192673,4.25153,187.372678
1778540004.487739,rep1_pair23_opp_dir180,0.0,0.0,0.0,-1.718059,1.503301,-0.107379,-0.01534,0.0,-0.01534,17.070872,4.122653,186.738432
1778540005.25815,rep1_pair23_opp_dir180,0.0,0.0,0.0,-2.132234,1.886797,-0.092039,-0.01534,0.0,-0.01534,21.593282,3.861043,185.966318
1778540005.876283,rep1_pair23_opp_dir180,0.0,0.0,0.01534,-2.469709,2.208933,-0.107379,-0.01534,0.0,-0.01534,26.030993,3.609906,185.036593
1778540006.555015,rep1_pair23_opp_dir180,0.0,0.01534,0.0,-2.837865,2.500389,-0.107379,-0.01534,0.0,-0.01534,30.274787,3.416453,184.024029
1778540007.108776,rep1_pair23_opp_dir180,-0.01534,0.0,0.0,-3.129321,2.822525,-0.107379,-0.01534,0.0,-0.01534,34.708034,3.250561,182.74783
1778540007.691109,rep1_pair23_opp_dir180,-0.01534,0.0,0.0,-3.451457,3.098642,-0.107379,-0.046019,0.0,-0.01534,38.995833,3.064147,181.381577
1778540008.300478,rep1_pair23_opp_dir180,-0.01534,0.0,0.0,-3.773593,3.390098,-0.107379,-0.046019,0.0,-0.03068,42.932465,2.813232,180.021132
1778540008.999773,rep1_pair23_opp_dir180,-0.01534,0.0,0.0,-4.126409,3.773593,-0.107379,-0.046019,0.0,-0.03068,47.947621,2.468434,178.058423
1778540014.757946,rep1_pair23_opp_dir180,-0.01534,0.01534,0.0,-3.543496,3.528156,-0.107379,-0.046019,0.0,-0.03068,46.913134,2.816882,178.481269
1778540015.342786,rep1_pair23_opp_dir180,-0.01534,0.0,0.0,-3.2367,3.20602,-0.107379,-0.046019,0.0,-0.03068,42.545703,3.272775,180.224081
1778540015.94242,rep1_pair23_opp_dir180,-0.01534,0.0,0.0,-2.883884,2.883884,-0.107379,-0.046019,0.0,-0.03068,37.865901,3.758346,181.8954
1778540016.513437,rep1_pair23_opp_dir180,-0.01534,0.0,0.0,-2.592428,2.561748,-0.107379,-0.046019,0.0,-0.01534,33.443806,4.238063,183.262091
1778540017.06666,rep1_pair23_opp_dir180,-0.01534,0.0,0.0,-2.300972,2.270292,-0.107379,-0.046019,0.0,-0.01534,29.39405,4.776213,184.378421
1778540017.679948,rep1_pair23_opp_dir180,0.0,0.0,0.0,-1.948156,1.948156,-0.107379,-0.046019,0.0,-0.01534,24.787784,5.531776,185.42975
1778540018.3004,rep1_pair23_opp_dir180,-0.01534,0.0,0.0,-1.64136,1.61068,-0.107379,-0.046019,0.0,-0.01534,20.879052,6.211828,186.197832
1778540018.86485,rep1_pair23_opp_dir180,0.0,0.0,0.0,-1.319224,1.319224,-0.107379,-0.046019,0.0,-0.01534,17.81507,6.712217,186.672054
1778540019.563239,rep1_pair23_opp_dir180,0.0,0.0,0.0,-0.966408,0.920389,-0.092039,-0.046019,0.0,-0.01534,13.980078,7.343694,187.161115
1778540020.376462,rep1_pair23_opp_dir180,0.0,0.0,0.0,-0.506214,0.506214,-0.092039,-0.046019,0.0,-0.01534,10.247899,7.586045,187.549323
1778540021.376194,rep1_pair23_opp_dir180_hold,0.0,0.0,-0.01534,-0.107379,0.0,-0.092039,-0.046019,0.0,-0.03068,6.302732,7.267006,187.819214
1778540024.025275,rep1_pair23_opp_dir240,0.0,0.0,0.0,-0.368155,0.0,0.245437,-0.046019,0.0,-0.01534,6.241923,9.895635,187.661394
1778540024.82338,rep1_pair23_opp_dir240,0.0,0.0,0.0,-0.79767,0.0,0.644272,-0.046019,0.0,-0.01534,6.831205,13.802862,187.261236
1778540025.534495,rep1_pair23_opp_dir240,0.0,0.0,0.0,-1.181165,0.0,1.012427,-0.046019,0.0,-0.01534,6.93859,18.099316,186.75269
1778540026.101237,rep1_pair23_opp_dir240,0.0,0.0,0.0,-1.487962,-0.01534,1.257864,-0.046019,0.0,-0.01534,7.243564,21.393744,186.243018
1778540026.80618,rep1_pair23_opp_dir240,0.0,-0.01534,0.0,-1.871457,-0.01534,1.62602,-0.046019,0.0,-0.01534,8.111275,26.719666,185.202183
1778540027.509528,rep1_pair23_opp_dir240,0.0,-0.01534,0.0,-2.254952,-0.01534,1.994175,-0.046019,0.0,-0.01534,8.928893,31.688646,184.066276
1778540028.076045,rep1_pair23_opp_dir240,0.0,0.0,0.0,-2.561748,-0.01534,2.300972,-0.046019,0.0,0.0,9.686899,36.026637,182.874508
1778540028.779918,rep1_pair23_opp_dir240,0.0,-0.01534,0.0,-2.945244,-0.01534,2.623108,-0.046019,0.0,0.0,10.499724,40.650795,181.442761
1778540029.624124,rep1_pair23_opp_dir240,0.0,-0.01534,0.0,-3.390098,-0.01534,3.052622,-0.046019,0.0,0.0,11.60643,46.7597,179.312645
1778540030.426854,rep1_pair23_opp_dir240,0.0,-0.01534,0.0,-3.834952,-0.01534,3.482137,-0.046019,0.0,0.0,12.567464,52.422526,177.027688
1778540031.209967,rep1_pair23_opp_dir240,0.0,-0.01534,0.0,-4.233788,-0.01534,3.773593,-0.061359,0.0,0.0,13.234934,56.749088,175.090936
1778540036.398042,rep1_pair23_opp_dir240,-0.01534,-0.01534,0.0,-3.758253,-0.01534,3.727574,-0.061359,0.0,0.0,13.640543,58.095127,174.50879
1778540036.972862,rep1_pair23_opp_dir240,-0.01534,-0.01534,0.0,-3.436117,-0.01534,3.420778,-0.061359,0.0,0.0,13.089704,54.744539,176.221179
1778540037.580726,rep1_pair23_opp_dir240,-0.01534,-0.01534,0.0,-3.113981,-0.01534,3.113981,-0.061359,0.0,0.0,12.349418,51.34707,177.830744
1778540038.266278,rep1_pair23_opp_dir240,0.0,-0.01534,0.0,-2.745826,-0.01534,2.730486,-0.061359,0.0,0.0,11.414403,46.836774,179.751056
1778540038.846441,rep1_pair23_opp_dir240,-0.01534,-0.01534,0.0,-2.43903,-0.01534,2.42369,-0.061359,0.0,0.0,10.450617,42.949948,181.225566
1778540039.451409,rep1_pair23_opp_dir240,0.0,-0.01534,0.0,-2.101554,-0.01534,2.101554,-0.061359,0.0,0.0,9.526651,39.117907,182.524062
1778540040.024205,rep1_pair23_opp_dir240,0.0,0.0,0.0,-1.794758,-0.01534,1.779418,-0.061359,0.0,0.0,8.556825,35.345687,183.635173
1778540040.738253,rep1_pair23_opp_dir240,0.0,0.0,0.0,-1.411263,0.0,1.411263,-0.061359,0.0,0.0,7.688002,31.390723,184.665316
1778540041.34295,rep1_pair23_opp_dir240,0.0,0.0,0.0,-1.089127,0.0,1.089127,-0.061359,0.0,0.0,6.84145,28.247029,185.373513
1778540041.930693,rep1_pair23_opp_dir240,0.0,0.0,0.0,-0.766991,0.0,0.766991,-0.061359,0.0,-0.01534,5.876687,25.310561,185.970963
1778540042.717428,rep1_pair23_opp_dir240,0.0,0.0,0.0,-0.429515,0.0,0.337476,-0.061359,0.0,-0.01534,3.849793,21.706076,186.604821
1778540045.59332,rep1_pair23_opp_dir300,0.0,0.0,0.0,-0.107379,-0.107379,0.107379,-0.061359,0.0,0.0,1.705438,19.290985,186.982846
1778540046.759271,rep1_pair23_opp_dir300,0.0,0.0,0.0,-0.107379,-0.736311,0.628932,-0.061359,0.0,0.0,-0.077342,22.12058,186.59563
1778540047.584524,rep1_pair23_opp_dir300,0.0,0.0,0.0,-0.107379,-1.165826,1.043107,-0.046019,0.0,0.0,-1.890946,25.192844,186.046149
1778540048.275743,rep1_pair23_opp_dir300,0.0,0.0,0.0,-0.107379,-1.549321,1.349903,-0.046019,0.0,0.0,-3.608633,28.108648,185.424966
1778540048.85542,rep1_pair23_opp_dir300,0.0,0.0,0.0,-0.107379,-1.871457,1.656699,-0.046019,0.0,0.0,-5.305175,31.116629,184.682162
1778540049.527456,rep1_pair23_opp_dir300,0.0,0.0,0.0,-0.107379,-2.224272,1.994175,-0.046019,0.0,0.0,-7.075976,34.654751,183.689675
1778540050.115405,rep1_pair23_opp_dir300,0.0,-0.01534,0.0,-0.107379,-2.546408,2.300972,-0.046019,0.0,0.0,-8.860118,38.244987,182.553548
1778540050.832587,rep1_pair23_opp_dir300,0.0,-0.01534,0.0,-0.107379,-2.945244,2.638447,-0.046019,0.0,0.0,-10.674425,42.086298,181.178042
1778540051.568683,rep1_pair23_opp_dir300,0.0,-0.01534,0.0,-0.122718,-3.328739,3.052622,-0.046019,0.0,0.0,-12.869015,46.623434,179.337739
1778540052.142321,rep1_pair23_opp_dir300,0.0,-0.01534,0.0,-0.107379,-3.650875,3.298059,-0.046019,0.0,0.0,-14.41472,49.800798,177.89498
1778540052.938949,rep1_pair23_opp_dir300,0.0,-0.01534,0.0,-0.122718,-4.095729,3.712234,-0.046019,0.0,0.0,-16.727567,54.593647,175.54319
1778540058.326963,rep1_pair23_opp_dir300,0.0,-0.01534,0.0,-0.122718,-3.819613,3.804273,-0.046019,-0.01534,0.0,-18.128187,57.134269,174.187762
1778540058.873832,rep1_pair23_opp_dir300,0.0,-0.01534,0.0,-0.122718,-3.497477,3.497477,-0.046019,0.0,0.0,-16.684005,54.001738,175.903468
1778540059.458501,rep1_pair23_opp_dir300,0.0,-0.01534,0.0,-0.122718,-3.19068,3.175341,-0.046019,0.0,0.0,-15.094457,50.600061,177.683489
1778540060.030028,rep1_pair23_opp_dir300,0.0,-0.01534,0.0,-0.122718,-2.883884,2.883884,-0.046019,-0.01534,0.0,-13.432118,47.028958,179.345237
1778540060.601407,rep1_pair23_opp_dir300,0.0,-0.01534,0.0,-0.122718,-2.577088,2.577088,-0.061359,-0.01534,0.0,-11.88693,43.554466,180.776266
1778540061.198421,rep1_pair23_opp_dir300,0.0,-0.01534,0.0,-0.122718,-2.270292,2.254952,-0.061359,0.0,0.0,-10.199653,39.631382,182.216807
1778540061.777233,rep1_pair23_opp_dir300,0.0,-0.01534,0.0,-0.122718,-1.932816,1.932816,-0.061359,0.0,0.0,-8.75537,36.108518,183.369758
1778540062.360404,rep1_pair23_opp_dir300,0.0,0.0,0.0,-0.107379,-1.61068,1.62602,-0.046019,0.0,0.0,-7.542439,33.031843,184.240892
1778540062.957021,rep1_pair23_opp_dir300,0.0,0.0,0.0,-0.107379,-1.319224,1.288544,-0.046019,0.0,0.0,-6.299414,29.776431,185.071464
1778540063.567768,rep1_pair23_opp_dir300,0.0,0.0,0.0,-0.107379,-0.966408,0.981748,-0.046019,0.0,-0.01534,-5.153858,27.187828,185.676291
1778540064.147614,rep1_pair23_opp_dir300,0.0,0.0,0.0,-0.107379,-0.659612,0.674952,-0.046019,0.0,-0.01534,-3.750832,24.783761,186.13461
1778540064.967012,rep1_pair23_opp_dir300,0.0,0.0,0.0,-0.107379,-0.322136,0.214757,-0.061359,0.0,-0.01534,-1.664866,22.371518,186.58291
